-75.32969850766881
-171.08015483217744
-102.82951876278494
-159.00137477711573
-74.80515411263896
-80.43534982196734
-145.89355000124385
-104.00452103879279
-86.24540924805927
-51.17764845910491
-56.819837785212016
-105.37529201937468
-77.56257306464033
-241.26216553638656
-80.39674377375368
-106.958249335207
-64.24144417557106
-118.85417499656428
-121.73719237974821
-103.57509263193288
-115.06425538664494
-138.25060621329018
-154.07292745179856
-102.74972429756234
-121.67844073674553
-70.9031872133963
-22.896751659502563
-36.56930289284737
-81.50675226599063
-65.74171980317654
-61.095417387775534
-49.1979276513839
-81.55317772662244
-32.093868661454856
-53.603931167894764
-72.50956342001754
-50.83935790515447
-30.564758035876768
-110.78169897236236
-81.94896063739593
-83.08066527487854
-116.07831799156051
-116.77571123356668
-73.07754099222504
-116.43527560817881
-326.84229471393337
-61.48089057655346
-41.339399646638924
-71.15413699689732
-53.03760259127222
-82.82672256449361
-116.08542401741771
-69.61493478438237
-72.96856038147432
-99.51255928785206
-158.50438924446152
-88.55504131433864
-119.31296150290198
-116.28925758628633
-95.12561726785188
-98.71207289708133
-164.51674736283803
-105.75104056589602
-58.385833590879564
-77.02834181752121
-73.70895162783748
-91.7705554809015
-121.73824985221684
-151.0030262691403
-63.40939301671234
-73.87897349429882
-138.49806500246873
-148.3374296162024
-111.38854743963465
-45.24823366125072
-69.0474553198131
-61.919215732212095
-53.81563620741688
-74.71738923699967
-63.51136986419001
-44.09972325848392
-120.46562895546698
-57.20874952003026
-72.80967613528341
-107.65850619131199
-43.39951693177497
-47.36233656107556
-36.73318310637334
-64.38777543191092
-134.73716346719357
-60.36881642526432
-70.89509183816007
-120.40892034887608
-103.92449448713415
-86.63666231986662
-116.70577344026752
-74.68286167476123
-114.27505886416883
-79.6739708142137
-44.862818123317005
-138.14029672890723
-81.25299436763761
-83.33412618891154
-87.41697123355186
-107.45092873306587
-95.09620622265827
-70.54669387287548
-162.5756284379064
-166.94592240865876
-106.473627135661
-65.63785829325177
-110.98015392932264
-57.31347543441263
-82.81222028665103
-40.12264082210306
-74.08328613090326
-82.93172159030519
-110.0323771210431
-72.10646034674569
-27.965689664084472
-38.47196162547635
-90.33781383790827
-114.4436903259389
-100.82649149606245
-27.24042886207492
-101.12192153622071
-99.37327802768641
-61.48108376730446
-135.89610359491078
-124.21872019652939
-118.09619835340338
-148.69086735536695
-72.90499914047165
-120.0218247134299
-92.37963974332169
-95.50669053894889
-109.41665391599801
-83.29438262682876
-55.693039776692636
-59.05844275769997
-134.35971157875247
-129.46176793584323
-53.98639502030799
-74.97215120974481
-95.1373609650503
-119.63333726071099
-72.45118035612478
-51.65096135287793
-29.81133195821371
-37.03710897834233
-93.44789580596378
-133.56186250512982
-40.00915023789159
-83.79029126888533
-58.555235395935306
-143.72965842255104
-56.592535915160255
-57.70713764504435
-87.46012512394844
-78.04378244096988
-51.63288661596981
-82.21417657504462
-57.372739983455354
-70.46030147005483
-168.36086566901074
-80.0847989404334
-119.680693950806
-119.43992065898905
-122.67143344977104
-84.75742475189327
-123.94501883751974
-78.90455548396821
-113.07185165315842
-79.65620115213397
-140.38708224233125
-55.918205314316545
-102.66615540506994
-111.68102171186281
-81.02778380778082
-61.560502953735025
-80.82161291768548
-61.39107263027189
-79.1153271351607
-83.77512507831159
-43.96287980306394
-89.38912036186271
-39.467415257917764
-149.66340371335875
-146.41439716790092
-133.34427793349022
-99.47266836664757
-181.01846981475856
-120.21998662371469
-100.73541918024027
-59.82696431958093
-43.26158725332908
-90.23746975781364
-57.89321555109046
-156.8945628417341
-76.6860429641496
-38.99353508433623
-95.26529616695647
-59.514176872309555
-229.78737534391422
-63.51193317731924
-125.23133131157537
-185.52693299563973
-91.79009341260216
-32.63451570555605
-115.09778634496968
-152.2127467893579
-163.4768288790439
-94.76413065565751
-31.236459343587484
-127.8393590185131
-99.20926614590597
-85.34501436815941
-60.416469844125935
-167.5392385500378
-135.6665920489922
-34.48571585081325
-88.33058409443372
-66.94402770158153
-199.18891218683805
-63.35459522680799
-125.0231716459455
-52.10692522343811
-52.00716916440683
-88.19542439605743
-220.13514668953482
-113.54319453359513
-40.99725466652792
-52.62939402473616
-42.27173917794167
-39.0082796514766
-45.66630067599397
-95.7622062039115
-92.25463249711908
-89.56764461172544
-101.06326960761058
-94.3105271348473
-97.50691014577535
-83.46941357130399
-80.66526772254781
-120.19048342161346
-69.65632143980636
-40.415337708862225
-97.7590988798237
-52.135839794695876
-69.26751959145385
-33.51630101664782
-94.63802430905716
-112.00614257872957
-127.95108758201394
-48.399565252719746
-59.48346062330171
-42.785011706035306
-99.00005710218325
-69.61873321691226
-113.776109178287
-87.27921914432076
-56.572387196195244
-50.42980851955641
-87.86043807092051
-156.08630390426632
-86.69432692571519
-125.86629325426689
-114.32740496223308
-112.1210008469489
-143.10553210452903
-191.00215145512618
-149.7059564520748
-88.36707850056239
-165.33192637092898
-116.16534222646106
-117.04349691688654
-113.90701320772189
-51.216700948983714
-176.81621095686063
-120.35149462205375
-187.63707491510667
-148.9831499630082
-188.46919600752986
-150.286289108825
-172.10633365724522
-243.61892145580978
-136.39657054878106
-68.32608332172477
-86.37912312270588
-121.61155704046665
-136.25884447300035
-71.49440758614922
-55.05185798626517
-74.53676842513568
-145.67107553804834
-85.68869847180706
-67.62949449216016
-94.68479388941657
-158.03591621133336
-64.83112676605508
-63.48263009057421
-91.52565711479768
-113.73083351137751
-84.71348107920106
-98.41327161561416
-74.93750857054538
-163.337659753034
-89.69078577351566
-84.35992727026314
-173.1504632286892
-66.22830823068891
-88.88102984116082
-155.75917361074238
-154.18561902201884
-42.94478569028119
-35.03873083953246
-44.14717299959311
-67.34599161117792
-103.62320503032853
-64.69835124475655
-45.80474529375485
-117.19809001929626
-67.6894946566773
-96.39548213994004
-29.244375482994535
-116.84947875585256
-44.70619548803742
-133.2909635769275
-106.80120766674182
-121.84575409601494
-87.22247016356394
-99.48157514865525
-74.62355281036386
-84.3497594038665
-143.85150764736102
-107.07990817187448
-206.8204048356861
-123.84267554237135
-113.61509147254327
-83.56064124609964
-85.8389684759116
-112.30777118393587
-37.95193878044858
-99.74124820974914
-44.92984665554938
-137.24970731050263
-124.85765012753954
-88.31790885791777
-51.4035170095919
-109.25767421407137
-18.66950160702316
-172.13903562730135
-70.91480894842016
-108.63216182607943
-106.87654370102821
-203.8409106547383
-83.67049385539381
-42.99793509005242
-98.75686139145984
-101.55734120392084
-164.86291368986113
-92.60083679083745
-79.47787997369178
-57.40735451666327
-142.6664790129784
-107.31206549455258
-39.4743073987792
-103.28551678902403
-133.38195867247825
-153.25576061725016
-61.696528825140206
-140.44997716735435
-135.27208911716272
-65.162598836205
-93.31734335517697
-105.57957009680476
-129.56010209584247
-104.57040282271493
-87.74892577556228
-173.71033104992148
-57.32335995384247
-88.27856092662194
-132.17604505510397
-92.63658602262103
-168.57780424868466
-92.72094067963677
-75.32322553750706
-100.92289969010861
-35.46613060863117
-68.00080994242855
-50.77796796525141
-63.25477260763031
-117.6970463684438
-97.18767051149688
-188.36852998506598
-135.5613630929032
-143.98551954859067
-59.75061124119261
-138.68846901727758
-139.9923722052094
-145.27412367241033
-133.8130449908808
-104.63212210133224
-87.19876099508936
-170.27861905460273
-76.55694724083656
-100.44459526141483
-81.36346037148938
-125.74296262157608
-76.79368111441063
-69.3306877379787
-137.19596756170853
-140.07040836414367
-91.4089566331437
-145.9384257312812
-59.25386627365888
-122.19885648214351
-193.8235542477896
-110.95274291082656
-59.58517601090692
-117.5164362488062
-62.746605398373376
-47.62177142255205
-72.57521233420941
-153.31125002030475
-132.63947126845832
-77.2076294587448
-85.23794745127783
-154.96213630694626
-114.94817815571517
-138.8543032317239
-87.23783386082465
-56.27190818208788
-13.811585884743401
-116.88016289367826
-88.02320847020438
-69.72131432287833
-137.86950009947486
-58.852321904488754
-50.668247598928176
-57.86624350932199
-141.41430718449303
-114.46414455877806
-101.46305770242002
-96.95571708719817
-90.42386021605662
-102.81775817445552
-93.72929557702923
-163.33035580951844
-99.14300211141534
-290.22696486865436
-76.09263692954661
-128.5187115233501
-34.31775844232119
-90.18219779565584
-105.51744801194344
-141.76234724716556
-101.65007303361469
-72.09330168330207
-91.61441239170985
-18.65030525426612
-86.36246337929725
-37.19124011423356
-85.42881315734701
-64.29219994051442
-126.65070533383985
-118.46870655598036
-105.38770742816932
-84.30084671857122
-92.95249730930183
-101.68112315357152
-147.7489695913831
-166.03613897857343
-24.305432734353552
-83.2948825141978
-84.56303851885731
-101.5804940996418
-66.97752767830673
-83.36650862872469
-53.417867267170585
-43.704338396181875
-85.62985015540774
-137.4284941807091
-159.22457498491545
-122.41746248261313
-119.40218216466445
-55.1881231225349
-93.11283056145419
-107.58524509696781
-73.61546676929567
-74.81521333996866
-74.77828032556366
-125.04282431761231
-71.93088391257422
-85.72490144344295
-157.98706974138966
-65.12867508654229
-74.4215804677884
-62.24448650401783
-56.82994831712013
-128.7749690673189
-105.76701311850421
-72.70895304469654
-107.67188979531633
-108.25375049952083
-47.65278364268853
-84.8561016448263
-114.5868111156701
-90.20511397023057
-87.44190535225502
-90.19521465625536
-40.696824114277064
-98.04188053054476
-80.57678380681567
-122.032081943448
-102.82449447441955
-62.752580858458316
-101.76411465150157
-103.34336493245318
-99.54388912320371
-139.08887856927313
-89.77302556901832
-75.69696882331075
-81.24245464030395
-84.53128048977612
-130.33472839208352
-78.68868860751216
-249.64490887919465
-77.04348761369276
-81.31519058836354
-51.49616243377475
-104.73821125935
-65.35785914752235
-52.21839612736951
-88.77800160118471
-51.4068240719285
-28.345888679309702
-117.4114842783151
-87.17935373349653
-109.48634263679111
-57.80027912910236
-54.62602659751622
-74.57188428031765
-75.14571157157437
-97.39920762438912
-31.50222279743693
-88.31944014856799
-34.52001927125889
-61.23711357503093
-60.00750653917531
-134.01634758957124
-50.047634423464956
-72.01612036600244
-118.28897492197241
-58.78501473590785
-70.62417985200555
-52.861634197828316
-79.5123891111023
-45.395039093594384
-121.64956572245639
-43.204838709889074
-95.05212129707247
-73.50525345280573
-95.43582895819517
-117.22818262506581
-71.01336015976746
-111.28649068952117
-38.77670507837587
-81.36777917313182
-124.79871438023333
-176.73746489727228
-67.94682994425924
-33.58712771631353
-42.8101350611374
-74.61905743330924
-23.75156762056652
-21.955873751296313
-31.557967267030175
-133.6391364850992
-73.44073455219497
-100.5259011091466
-144.67749329701704
-59.70616047903541
-73.58313302162948
-95.69383520887146
-66.43259484168145
-76.60129100497628
-49.386869890558906
-118.14650542279678
-114.36927310015763
-156.8698415231298
-59.66633254234872
-120.81760184126084
-87.04059923915004
-72.20293102971682
-138.24553692985052
-88.20385158074201
-82.38274826888673
-87.703433853252
-168.44455434965946
-24.617514716510303
-99.73815656041519
-57.01140193970514
-31.1187906198648
-151.45364019652484
-49.24849869297853
-42.3725369114629
-70.61013463401693
-70.39081154757885
-86.6871793808221
-129.7900463776095
-102.03406278480983
-35.58170644670746
-102.21155344420941
-63.13435666942147
-69.94696707895856
-54.334850861861234
-80.51980666155711
-65.70109087433596
-22.55290728103945
-98.95374257734595
-111.24648612756546
-122.53830412562455
-35.27043667147765
-78.40812043868277
-88.77192468202536
-112.16984206507422
-62.62658373454421
-69.47364902563132
-45.427490099354614
-80.5004710128071
-117.9937453544309
-61.91147410840377
-60.16364943782223
-54.52226129303769
-124.52558111719867
-59.455286589085866
-84.25554887987192
-56.89721226357454
-92.7253223338058
-76.87666251256353
-163.99167606396156
-161.45471086753895
-55.61012579615472
-129.9732519690681
-133.700083621371
-116.68776914723064
-88.8393393482629
-87.30904140917472
-138.14345599306424
-96.92632499020937
-144.6362008473959
-132.46747846534922
-63.21589550295332
-110.05236153278712
-53.06701467331749
-118.57158143145965
-201.14507768644228
-121.32630835015661
-88.5349143619422
-66.33988529167911
-166.25233211776342
-84.74148289221782
-120.07550385945285
-134.04085457340307
-111.1122855583108
-55.74538862871183
-65.99923392997286
-117.75295377933404
-134.36866910607
-114.61017384412482
-93.04341417977604
-58.38733323122178
-127.59193889124253
-78.69111851827356
-85.26272657529098
-119.11024149503324
-37.8804959647464
-56.930655995624484
-51.50306204123709
-49.10167006653321
-97.12968210958051
-69.0512204132168
-73.17956540735432
-140.16391617007827
-130.96110467845594
-157.68094833779136
-82.72688712577471
-47.42354200192819
-165.69051000084642
-115.56192663798063
-119.42723043040763
-54.40056812892865
-99.51336287351731
-129.5930099711121
-153.61173584668754
-99.02655076025324
-76.34968370042135
-94.70286217498405
-134.02209486966657
-63.8532054157933
-133.28041082492655
-64.3427020301571
-129.92160988076066
-47.99386566463648
-89.36433033886597
-54.8849950939608
-73.3497267451596
-234.8023272628019
-92.90324915233332
-91.69838721916229
-76.49110392508958
-90.27474418777982
-36.65715737238989
-107.11202439230847
-69.23610781938213
-57.05582944001935
-29.760432621585448
-77.54722245200075
-86.98613006793256
-85.02027004935324
-47.655404197925115
-88.96673405464104
-57.18127042861756
-72.64728873938257
-71.3946046485823
-65.94422866406629
-84.77344391532554
-111.14848268406375
-64.45173063098436
-40.92664375241396
-51.08420437922505
-123.04626064040971
-28.61908621352706
-74.57971920096885
-86.35759338121461
-88.44984707397352
-53.27935089716821
-68.77139693749577
-65.61032167631
-85.08156113160393
-89.28371274832179
-56.62425553357001
-62.35312211919134
-79.77296840836426
-78.8323892273122
-105.72241007603293
-102.34367692539156
-76.13294628711441
-51.580304168518055
-151.51186629808828
-56.88071570683166
-114.33754991059664
-62.41808167712045
-42.056237308065924
-41.74239427218904
-96.59255315676634
-59.65076233862787
-63.527560521165995
-58.26829971580171
-137.8311902651927
-114.12774533971566
-132.41757706169702
-98.26791942656664
-57.52986644576993
-115.69521392611183
-67.1450066539202
-41.21655566868345
-150.65854331963848
-113.35114021794041
-27.19860958570952
-142.60360784963754
-106.6418904627346
-99.4848214202373
-61.697607252929394
-79.49061225826405
-28.823882191368874
-77.98779749599318
-48.24304087364178
-63.498103265037884
-99.42427051127456
-106.33648775421003
-92.19145537889038
-52.09916725933626
-77.73447386132726
-67.72933829257815
-45.56640928481994
-90.92764834746808
-104.6152084852641
-159.3292784198934
-84.13944000636889
-44.91850963161621
-131.97329655849882
-164.02980221206474
-77.56982975856708
-86.33795039593748
-52.46285185949196
-53.0217739656116
-48.26424836363737
-122.80961580399452
-111.6731192476864
-102.5531964532484
-170.6336650739884
-101.62697544808674
-168.46050121717687
-49.06432502020879
-99.25817243910296
-86.01175437888989
-100.77294127224233
-67.69070419533983
-103.23982519794284
-93.21765061330575
-97.77814511215803
-101.00254820220522
-99.65839065821076
-94.98742790890107
-188.23987742547365
-252.9549651076652
-91.23544515028811
-25.312030137356608
-136.33152716420045
-200.8909576281415
-148.05963290723903
-69.79294013865807
-122.97306013774003
-154.8862630665167
-65.83536158668336
-75.38542812991956
-59.68725783487742
-42.134136546357084
-68.87209306840322
-71.9022685836231
-71.95376309649988
-87.8135792504894
-113.72715966094908
-149.54954471893262
-75.03397886486563
-50.077811232642986
-111.57202581626571
-65.29548697985838
-68.55043981126842
-45.46452372509353
-44.755162101561545
-55.15392355256405
-52.29352767888444
-37.926648534824096
-49.09135357977858
-141.75884478370398
-70.0797031064115
-81.36234570432269
-61.50598775756576
-229.4090678762543
-112.01956113940302
-166.85595727865456
-209.22456443798933
-69.12827075511
-31.088430819538054
-34.62722684089433
-106.55935796871559
-108.23826942535852
-86.59919158598079
-67.44401646471763
-96.81616722736214
-134.86876825104875
-129.16179848762263
-161.13754982849233
-97.68156770693345
-49.225977497184054
-101.28427068833892
-77.77539222028926
-45.454305460437865
-130.00846256138783
-39.63606855288035
-51.497559621341416
-62.00903286562407
-132.77144567510214
-140.52136222992365
-247.13307672552125
-124.03817800586079
-161.16488862185957
-114.71250928056244
-162.66019939985256
-70.33987580149048
-111.04973622440602
-67.34700313430844
-65.21373670327755
-83.57679466414946
-146.8444528022229
-82.02722456865831
-40.66371101617941
-101.77495846138811
-93.86309808988322
-101.84201746647283
-132.70975425826475
-116.6236418033754
-92.09433752725491
-32.4050949043524
-102.07605770853144
-94.69537938362598
-189.28336126954787
-71.34970085202653
-50.96301323293512
-139.16515853844376
-46.65075817361169
-102.7054230041539
-138.21527128222743
-67.47429137889863
-41.09705570436867
-36.08990947147912
-56.31526584385543
-199.57660469232522
-120.189102819239
-85.7528283651557
-161.9954476439426
-65.8430966842964
-56.750088047454426
-117.62777094845751
-96.93628593195704
-126.24532283478769
-122.87287482525898
-111.00787426800129
-75.30508477859017
-124.91580494086105
-79.74608159196248
-118.80615129574983
-61.71247742610724
-86.37626957772797
-33.37836122602428
-94.35744439557357
-123.03462319794693
-73.26682803954476
-96.45226147723174
-85.83486575075526
-131.68028669564373
-86.30402008345288
-91.80454138126619
-57.971080921168145
-34.10938996479157
-125.57011116765666
-146.0389116588653
-154.58425656098427
-110.57598117454975
-110.90763436775102
-123.39473633940065
-51.082044137300564
-138.37775831017402
-116.52989799079924
-47.07354045233244
-71.28878899881842
-98.19553652235247
-23.60380011273974
-135.38867718849036
-73.22665356864174
-102.54900821330867
-118.82588329883372
-66.01531127514528
-87.82046830739763
-117.78207322101481
-74.1839985652739
-65.01000884034488
-118.62251824837409
-125.09882920513628
-46.59175941519662
-82.89807888205179
-104.0389878577502
-64.84504893314966
-40.81777531799768
-90.40957481028772
-102.8495756909761
-47.10797535896543
-160.2104475029541
-84.30055757475523
-73.57073905700469
-112.40199790832261
-93.27312853709746
-65.50414748379292
-83.46811798915175
-166.75926763925187
-71.82651431722712
-43.71720986114923
-39.79470759945683
-64.71907254509051
-95.79055161651007
-40.82168046031245
-76.35378627625535
-54.99082571813054
-65.54608350812889
-228.19901730484654
-105.1522281129027
-175.57119365442807
-63.299900411499515
-98.01449603369608
-73.88010591246505
-83.4421612585627
-24.34997254138428
-94.63773640598667
-114.41089867667532
-75.98064358449051
-108.86823441462958
-44.770216502238696
-49.12721427458584
-46.77929248618529
-39.24573873105431
-54.78456792493337
-38.35068820392406
-76.06647007770428
-55.935336994225445
-64.46377631540277
-70.2988742984387
-86.08392229264716
-46.71789462168371
-105.43203541999226
-64.12700815269537
-47.015327280905204
-60.22167277820881
-57.89661175657114
-45.59434226060431
-95.5117011688214
-41.881983926671374
-52.56763980810859
-77.16202665229713
-95.74191862747462
-96.41131081073597
-92.23211647804979
-93.48851288774262
-66.64136862632297
-184.57701349419082
-158.97144024033372
-150.04811470277113
-61.479428498756754
-121.07460811730951
-198.65240785079564
-114.34242364758936
-145.87959211542895
-25.87342011692895
-18.039049256595582
-49.72579990596221
-198.6561786209765
-95.3048400204461
-49.23820456240501
-57.56623894657787
-114.81778405255963
-124.75616763223132
-108.52487581133876
-63.66719718715924
-81.73231617951284
-123.80247419602449
-21.511751321980768
-113.16508005474283
-82.47936832042802
-69.35293152802515
-129.99444679776673
-68.40085066144387
-104.36026260373355
-47.15577546963005
-119.28848327822541
-62.559507197434556
-100.25003647616177
-67.08420313912968
-62.14169028235033
-51.936668398619794
-82.9802510711279
-89.64013172752192
-65.29028773518054
-43.83045481082983
-50.559261101241155
-72.93874473538935
-100.89127543998862
-94.19417687375955
-73.4763228687709
-58.13164613354559
-78.41283640802425
-74.951543932129
-119.90472681709676
-51.831801721847036
-74.59334954414827
-51.308844598085486
-40.442355617050474
-70.2672923653671
-73.94658124776839
-60.71915349066671
-111.26918555514125
-182.62388658008032
-78.07958989358488
-46.181981349756704
-75.43730012771242
-94.68601972626384
-85.46700116272791
-139.03108183989244
-160.7018560885929
-131.12714664453014
-109.78033082341997
-77.10002675795455
-48.92187542868664
-85.37395331429819
-49.136617935899984
-67.90773302080608
-160.31642368853997
-98.90262321438419
-67.67037803742706
-67.7567574007027
-67.15832504437759
-46.41095277257363
-36.56739276424195
-39.79796562696037
-50.27861131695393
-59.997942871081406
-34.734621101580736
-102.85287120513053
-41.48542386285473
-82.92142012104722
-22.22281830274855
-21.680398022059478
-24.271244962924815
-83.99765216103609
-108.35235082950312
-74.63357071383392
-54.037823362956395
-80.03832835923811
-89.36623241548924
-58.24580871041533
-87.82186479313876
-54.04277639474755
-111.56315972936366
-102.78154428373568
-116.15148181186464
-108.40237591250435
-52.35028098238751
-72.1898064862807
-144.75708411833944
-56.95034789098019
-87.47759284270585
-45.84417452347285
-74.79326895558799
-26.552511164353103
-35.93660628371767
-78.4950530632344
-59.354058943859016
-141.17170744939756
-114.55781188428894
-89.99675265952074
-54.84851555494907
-104.17343338467343
-48.32700607829287
-71.84596512394938
-85.58016940670038
-75.16623686731074
-118.74510389247395
-150.53019073431912
-70.35674760278475
-57.172914897619556
-36.277403576307094
-39.47966760657915
-124.54120770365968
-114.53712521807644
-92.13270447701896
-119.33234033337541
-105.17359563162805
-93.16638942109532
-65.25818983156377
-56.73135962106517
-94.28523698906037
-33.55013985572474
-33.60312402293305
-40.68261330855782
-111.18130477248528
-91.10637326096825
-98.61366033566843
-88.72818607036493
-38.86444738974331
-73.63242867913944
-116.80593493831022
-38.54192457609812
-40.719857883612455
-51.71971570360601
-46.18262967576397
-67.32481222558803
-35.281742678974005
-32.22977604970456
-77.76999824858179
-106.34946959302282
-165.56176290627386
-260.18670573547007
-31.601592497473913
-115.7893040867029
-76.4188975522248
-59.67790723561074
-117.52088442049555
-139.40241057521516
-69.07278438707442
-53.43805372317408
-79.92690739721085
-31.99438003132931
-78.78426330178112
-129.4651081437577
-78.92235492682619
-49.714073890886056
-106.06263434639874
-40.50826433414119
-59.63185902721943
-80.07673281625696
-27.91653780139381
-42.19420789001506
-37.629575142796725
-59.17235245888317
-54.68247157051579
-75.44488711795832
-107.07503580860678
-50.6796704244198
-87.48647056639402
-48.009935881276654
-96.6014878430006
-111.35302935387709
-92.54503199197939
-100.63216127795636
-42.31356540916324
-70.40576475741621
-66.25725566692256
-156.5590241074792
-53.627466634642865
-61.893652341835505
-24.814432772604746
-84.9789121692191
-73.29444196825823
-52.63029403600507
-59.41814414890399
-118.51869493052206
-21.240633011321492
-64.00403186874532
-75.39007091742268
-54.89327659532979
-47.50494871885128
-58.962993585733074
-55.93635574252988
-42.58852924460349
-38.32550998661987
-115.16613876468224
-139.56213343804075
-91.76790573912542
-93.74721606525695
-52.389319917708384
-51.663687109779275
-45.502076043814526
-37.18938088806595
-69.3875519646495
-24.497362325376194
-23.35910890733529
-37.0303985186297
-120.30238966804164
-35.63724553334534
-96.6057512169197
-20.501049181508435
-105.69172656570474
-61.49998723741125
-79.24020447535236
-148.23742661743472
-119.15842242038376
-27.133863927755645
-56.351090867615476
-40.65223557107256
-47.905942189569856
-116.76713472626307
-62.58508013537144
-31.408902615836855
-34.63976806793621
-36.23232428993628
-64.228227908646
-79.96056870265559
-71.78081736232811
-33.13216786815246
-89.0373245493966
-96.05904116765518
-100.44594217496771
-143.60571401650552
-111.31070102063534
-111.01310403539308
-63.59524751649487
-116.35515735394168
-61.234730773954816
-81.01443351013518
-74.38204263271226
-44.746092611321004
-120.37283591792027
-130.00087153781988
-57.35540779833032
-19.396138722122487
-186.999079265017
-120.12912147509782
-61.355806561531914
-109.75972594802215
-35.061396950274755
-63.22181830714961
-47.27455837566367
-38.43564642460548
-24.869277278838045
-81.30870488804658
-85.06969063616829
-63.249518515814906
-40.79018278255442
-52.64715012124895
-70.34143684065661
-55.213215707523986
-49.67816200316106
-79.80692283455794
-19.70114256494951
-74.5895498195537
-99.9776765608388
-50.67105258930115
-127.11150264224602
-82.91022143361174
-86.79583200897278
-35.20482266338227
-27.10945089990291
-19.286382361381964
-110.02770230868828
-66.21907409977308
-46.43526768963405
-32.64070825716852
-67.83437442587574
-82.26070180631831
-60.43613428223883
-83.06876328570502
-114.55444710562134
-60.872193318708796
-96.4596412797138
-27.391190380518108
-136.9984262813605
-56.70109532321371
-114.7671218746125
-146.3172176239762
-50.540948159135525
-96.73391973489551
-105.64259506202579
-92.93459355616784
-55.971870958222524
-127.07037158356552
-81.29816567961147
-83.25135714148378
-129.11672830641572
-97.37333836691398
-87.0747743859208
-81.75427163416425
-57.31185490169004
-90.80266554804334
-141.38031041802512
-66.97911477349535
-109.52215829112367
-78.99517896352496
-141.90728858072004
-51.117985658943454
-125.83408848308561
-81.66521281368419
-30.03807993849839
-129.46712102113537
-77.87679595598473
-31.267044221435604
-67.9078384611635
-59.59514079639598
-176.25047536359813
-50.39300940832573
-98.90469692956019
-32.06846201406
-128.4165161915342
-140.58439806967158
-79.5040071682685
-101.29104686113263
-157.26864352406437
-60.07239822857452
-107.51983791997739
-83.67549160542623
-36.92029000900925
-81.54601926280942
-138.1652793466239
-84.26159359172455
-114.38562745664277
-64.07899908783418
-41.12202724802264
-147.70368379481118
-66.93734467309095
-77.6898849113038
-127.63539557538326
-139.19367185554054
-55.787633087791114
-61.92501471398397
-216.35273056018858
-36.76570817526111
-69.88216978102324
-25.26091852853741
-49.11541467041774
-160.9993769842148
-27.304042137619405
-55.711820133378204
-34.87659712790155
-176.73584490996708
-132.3872900348982
-29.42125165337312
-92.5473826500125
-104.20913678417529
-83.36085884862175
-74.00671089358376
-153.12681114687712
-47.170739148158454
-61.68579406881761
-111.63466043396312
-30.41425687775937
-37.808589349300746
-136.10303381601094
-100.73534800239582
-81.46906095455445
-172.97025267827166
-93.67468446810015
-172.24931659870865
-62.97479674456948
-52.89137336535186
-190.12202795469
-39.65838574955385
-104.65435328872488
-94.9317622171413
-55.54807667606727
-68.91329645648118
-127.25765530239636
-107.32971832334994
-55.19909287331522
-141.90456498911638
-65.42663144393482
-71.10313563078594
-76.43032823102351
-62.86147166683153
-90.02107449833001
-30.92910068521697
-103.31329323466201
-133.4914738620411
-95.34000565577553
-83.98348247185012
-58.03363826744877
-79.89482100883308
-19.90627092387978
-83.74015632094785
-75.58081706982956
-95.45944905173613
-50.0854098693947
-78.69103207444178
-77.36587415270773
-64.77735549529959
-64.91802985579952
-58.71465649117509
-82.33389011162926
-59.464076788713925
-112.8185297334607
-51.960207187314076
-89.79172671823397
-41.92647222151688
-72.51648170359447
-73.46977053434688
-36.82074029300928
-63.773785043765116
-58.60508382444427
-89.05801572451168
-70.58115808657233
-60.138784374410946
-37.549187183247305
-20.770814702016658
-62.35768293071497
-48.556518618447186
-37.442362820788475
-52.55532017144527
-134.4319831325187
-59.74823662675602
-176.74141185899066
-64.26704217478385
-54.908585116671475
-72.56313361022188
-36.30413537199775
-81.70560452678198
-147.71889411283186
-37.87756137214137
-64.16636597794168
-84.68102734263658
-34.474999694039
-68.60210630564374
-28.162695401345523
-98.88628291551338
-85.05470881985713
-22.097733904271095
-72.65294938818428
-33.130988337860245
-141.458879817032
-91.91907515317975
-77.57601548800855
-103.88016163466368
-109.60984676539526
-78.50768418315974
-89.20172419182894
-67.28734934040016
-52.83836651513425
-40.34528555539132
-99.81457982935127
-56.04567955565309
-86.17058945949134
-110.58484891087333
-113.08681272400025
-37.7929708908651
-91.41027092719558
-94.74893983012366
-109.35134147213398
-41.74977280259903
-79.29055501568308
-69.51445756453052
-46.044612936339945
-43.82205064954945
-53.97471263844277
-268.37168381155095
-46.04727119173274
-91.64800441985025
-52.93957042116682
-39.050673289082965
-65.11930137354176
-51.41009349213994
-96.69771491993593
-53.12137973583966
-39.341860708255545
-140.58242681922079
-219.14446925062026
-72.4642396256181
-115.92283019523816
-138.9843564007549
-72.3297336367893
-51.892078319010935
-46.17406561961182
-114.18264285492494
-130.3340761657871
-99.36338243116624
-92.02537802527075
-137.1077531153266
-142.3483199230066
-70.28314763134922
-34.66979549713472
-98.4655511090848
-49.995948244371476
-39.948238290852515
-213.1771992771901
-137.40181413009176
-75.12651013536872
-42.43205221869105
-57.31839066888175
-62.593770613768186
-102.49748453361775
-51.25733562415773
-79.64319086023647
-147.3414906671008
-19.433171471972123
-119.78975560908732
-19.36133166839789
-112.25895866354195
-139.76816068826477
-52.78189001014583
-84.49918258264327
-39.39048518395596
-65.96531558449217
-47.819099517179815
-35.894158514660674
-137.17540933697086
-101.47302276750851
-185.54182466826322
-51.130105376721964
-39.07403239306042
-43.555939641777464
-55.92403064678976
-108.01495750426164
-126.01040908928147
-64.3330183542095
-74.1680819209039
-27.0108054637848
-97.57097135265717
-41.140427487262215
-97.9787554059836
-62.46719327176645
-59.23054995595416
-53.79165890930665
-56.37200712414272
-67.40030270811819
-25.350367159972247
-37.738399543949356
-193.89851567143805
-84.65873513059412
-101.17720771686437
-27.753005331343193
-186.26263170734143
-28.831821425976116
-21.660568890362864
-41.65161475049034
-64.57977698916108
-145.2518151196721
-81.7783882526316
-24.044487125783725
-55.95881263457767
-95.66300258439882
-45.76785684624207
-36.51656735515739
-116.46576505070855
-44.857827063990975
-99.98376857239965
-81.87517344830721
-168.75684176164435
-131.62035891635472
-58.45213376706047
-92.23715370807831
-101.41138495782201
-111.82012468341199
-76.21179497213495
-57.165704902289875
-75.00334886541638
-103.77452549617344
-54.99810616358807
-30.8950591632032
-229.89801698614883
-101.57822977718979
-127.84341892638881
-125.03701002228199
-251.79952771091314
-52.819102334421004
-177.36584766101308
-100.77383751932516
-87.62188748547463
-88.41752523007439
-41.149492632587176
-34.58343096072734
-23.47099051710691
-91.62309561449023
-27.030054043179646
-157.34745794372998
-70.98772152293013
-55.414469033764654
-104.69156008051856
-111.5396174046416
-49.700439787773945
-87.98819227947187
-98.13686740357109
-32.75947829069355
-96.48111659986726
-40.25197652997643
-69.58225255058083
-154.5169843452359
-101.79711815403107
-50.761200709583434
-61.423760930784596
-71.81479887744246
-101.62223283011234
-67.19379336926458
-118.64601244235263
-34.86293078900899
-107.5113755974174
-90.10497865125627
-126.32437241227908
-147.85866458782965
-100.55953259881449
-71.42621869813969
-39.94428265135118
-66.13312614553665
-135.0970848742515
-40.32158928207355
-63.340630960814245
-37.35132797284047
-73.62359780978903
-140.43848608157907
-142.07352176352146
-83.27679065638738
-58.609928043418414
-108.41173623750424
-122.66550208942202
-137.64093272675225
-96.65996505696674
-96.76633881079394
-61.374416347602754
-77.92186525639272
-74.08397240683769
-85.2971326472209
-55.855180736777
-99.94787441257158
-34.01826396984674
-128.33098388718162
-73.31551175303967
-134.36471919818942
-44.5302085563212
-76.5002673438451
-126.79654340536177
-87.21861996506428
-135.467868009118
-85.39641041110532
-95.86969765508817
-77.90363086895933
-47.091390204542705
-74.25586858586342
-137.89602856426592
-92.22147057541443
-67.80167018424044
-94.01413951468601
-57.03168270290149
-66.4316052425448
-38.49870352769706
-82.92493942270482
-66.16844846278198
-143.53762914197063
-136.1508761616225
-108.44557823801385
-124.36135282338887
-98.17212515681729
-33.12411863081457
-40.230792951307286
-87.55883170817694
-199.69041705216037
-151.56940679285023
-94.57750537935026
-91.1019154192891
-44.97829994949616
-69.62883736872794
-53.7610717484381
-65.53619863934061
-74.32249444357593
-111.0234507676022
-135.3027881287742
-136.76352616156913
-57.271634575039606
-78.73584372296176
-122.11632816865033
-52.42181938326625
-82.98726245639759
-29.128437422249903
-132.57918092296563
-133.20704531478134
-140.26308385798717
-141.0599112900297
-53.517462093898786
-98.69337031186765
-101.09980960723628
-58.91485537248768
-208.73061356871327
-49.05161888107998
-94.59792577906875
-53.235962053969345
-72.47054926438135
-87.91896079581939
-80.29832617556605
-69.92537211190071
-120.05424282273724
-68.10964934361007
-125.28413405616176
-64.08077673723594
-53.415115903988074
-77.53491886173016
-102.21654061271344
-92.61917972336225
-113.72573097901706
-121.76052460026239
-121.2375170467073
-62.94124914471237
-109.83560546249112
-83.71582423536763
-155.42177907682847
-188.0422730529402
-54.95679924081777
-90.78857655861088
-66.43490251245915
-51.07490549237325
-97.5157364870923
-73.17038157400711
-36.57282407322386
-34.46812109044433
-89.81100781201269
-153.12666926158158
-71.23349072119365
-57.73696182910462
-76.01387625099127
-80.22259479547668
-123.53003642429404
-103.0023837250604
-55.97212720644773
-70.17456643116553
-98.68600763134415
-58.49712513116698
-93.50588267828226
-231.1904634695459
-76.52694675749228
-21.52929591097281
-28.36446267652014
-154.50342903797613
-90.63796113299733
-193.9513613299178
-102.07419988209587
-90.08398602442932
-33.29375154109185
-97.15386967202215
-59.791412422322466
-94.13934996382146
-136.6200464623518
-89.95515762037238
-162.29364647154156
-86.63457950214813
-88.7415596390633
-151.32401509196157
-97.5889239317285
-63.551340193848745
-102.94854807532772
-77.9317597054439
-44.76370451614684
-87.39940360942144
-145.0558836334591
-57.06153931369462
-126.5882960428841
-110.1695795494659
-138.24467019737892
-52.64744095810623
-72.65105497580666
-32.25728300181754
-46.24710337501823
-54.9956095784219
-97.82794693461013
-203.4848876790565
-84.82631044375502
-34.584946738517154
-24.725277451557982
-157.10539358381524
-65.46070324352327
-181.47514818375186
-89.20174813069269
-132.04832911593272
-229.79757415380658
-36.95262401074636
-82.61991337332152
-63.797015565206095
-212.7553010145076
-82.48419756264104
-75.42526287242816
-72.298966980986
-41.030033072219204
-90.64262470426792
-129.8920887077752
-116.07090567892268
-84.39982691248949
-50.29555167455109
-116.63005253651882
-98.34776296710356
-125.66145793769572
-33.15797138836284
-181.50988581142218
-125.68952790888595
-79.0262812730687
-65.38599163768558
-108.04808548567372
-132.96240381194096
-128.5989138038206
-75.29993778947582
-95.6621385955129
-110.24074487503337
-27.570873926829087
-85.5949013130236
-30.945478685950764
-150.4372954867838
-143.55169547099376
-36.93538078495753
-46.73768151834199
-90.668535873784
-50.71847803327362
-117.4393145777283
-71.8682298456153
-55.62014970379202
-26.94204814895365
-85.77350546343888
-119.00868088453109
-48.60425266650714
-47.22245638540485
-148.68765668487384
-46.45803571266597
-104.50407167167637
-147.59664703058453
-37.67454046707059
-78.42323450316363
-28.793351549387882
-90.53523726972465
-46.16823273188789
-152.41701800349134
-117.37036600343022
-154.5836905506599
-152.1348841149335
-102.48724329128594
-115.608948508242
-111.96745933510086
-60.970430481444716
-114.21566184961019
-150.78642024046908
-107.75498927319354
-112.90146662121276
-95.28066185052363
-118.56685139964593
-119.1048109904275
-51.53014861576528
-101.40534578100649
-122.51768216310029
-117.70090610635899
-122.30938838687045
-125.86370022758533
-48.552226265648954
-45.577721094011395
-60.5617372524346
-48.198767555286516
-76.48672729629011
-75.13265657536505
-143.11456454484463
-77.93895003917761
-144.02644318142387
-63.48601120795645
-137.0309354089896
-81.01912191528052
-138.48198721580266
-62.111027066438226
-35.5999697391088
-70.71619559821005
-118.3213077587536
-69.16626557597274
-92.0631451136576
-49.78649994730491
-51.9123331095366
-73.62812415654159
-65.45077323358264
-107.14477601433947
-43.220715286764744
-70.31374029796211
-106.23524487233256
-41.412381929728966
-43.4464961750611
-24.79118532738474
-65.81604625202851
-42.28783162324299
-94.20185488405986
-104.10995015352194
-85.50091068172625
-41.43667531738102
-94.52619997497345
-76.61796763660605
-99.32181392388398
-88.89725673739406
-61.23274602525148
-113.97560243710663
-147.61555598863796
-71.65729462669911
-113.8229899911466
-85.84638463836812
-87.1622218080072
-86.97758080053379
-229.58169018691478
-67.66196930271096
-95.18814805422159
-168.71724295150597
-127.36757083175014
-35.65942520757743
-79.64190402207868
-85.02481619544228
-104.25381297615475
-91.19634224978067
-116.02768181068053
-108.53953189969667
-155.37617742879274
-72.6732698894922
-332.48157069126603
-115.91011621080533
-56.01206051947624
-81.53147732325033
-133.7841107285514
-66.02096237797626
-69.49791783258438
-109.22097130540591
-51.275642371694275
-54.031647376763615
-153.0315135108648
-118.1031830843653
-79.27425682661273
-90.25641103792591
-42.9554424596677
-110.95453791938068
-31.823433579590308
-40.17133990630948
-105.63342694008327
-290.72565439372397
-62.88104469751485
-37.88685819511526
-64.18267342548421
-39.99440110999577
-126.3528160885605
-67.97852794060191
-35.712539101479514
-62.293115597082114
-66.84375684453886
-40.3946052723917
-79.71221276542603
-209.14274631922356
-132.09675702804068
-83.88168154603594
-163.94584973088035
-95.49894527244264
-63.698034897371485
-47.67052890917103
-53.750623960080326
-80.6013131178388
-102.87694166041483
-59.43662511754837
-54.76594823645454
-36.02395448619232
-53.403975833352206
-37.01668983554634
-126.25998801079515
-105.17164224567406
-86.13923203810623
-94.33915738356608
-96.93108186114127
-88.82729728499375
-83.43693822028304
-105.06882260876073
-68.62409403711239
-51.8057280940438
-46.76319080636683
-43.758265273080454
-121.57454898799112
-75.6339339732495
-93.32892322383177
-58.304398018014076
-60.67603896374308
-64.16927489010774
-94.4041439232546
-88.1658357351027
-42.635953779231556
-87.28991311326465
-61.96121356837324
-67.60333597547717
-126.20800965334853
-157.80131056325132
-129.93116789688838
-157.6781325226841
-105.8132165136177
-91.47222234963917
-45.12051303595538
-210.9308964936091
-126.69024931764132
-130.87987575032096
-140.05151274002583
-148.32103398752946
-188.8001084546864
-139.75629217215715
-127.11101577243552
-118.10997491415327
-71.08214191614961
-71.69512370087978
-112.73536376492919
-51.50379599854383
-112.42898549794371
-193.53658717795713
-91.98767920046168
-139.47973613839548
-46.29218113772047
-55.50833953124594
-110.37698383526151
-98.72230372571262
-129.29626549808998
-53.090488465397996
-56.85268678802952
-115.49823077645317
-38.61545755854066
-49.28746762372289
-122.62535900400702
-86.88695576576471
-62.85253430393677
-66.84491292224484
-24.18876201028
-164.3428493966535
-103.37304165232776
-99.11633578309116
-59.994999528849405
-25.979566335312224
-59.408017006465336
-84.7922122287655
-78.54553335272458
-66.96327438669734
-59.99834424504704
-103.77078420175434
-143.77683836590896
-63.09253371460594
-173.9050633920627
-66.18583223330836
-25.49879251850189
-124.99290498254827
-143.2514097781392
-102.19850900277643
-83.23817539442227
-112.99734419628984
-109.19757902118124
-82.4726204381759
-90.22169042341498
-100.23849517660939
-50.27622352836596
-54.323687321372475
-81.90776432934163
-96.62599125965293
-60.96321309926593
-171.17229167847904
-88.5105004839636
-82.03176552270159
-77.77793535172543
-55.29836192204369
-41.94852188271907
-45.455057119073906
-54.44920350628694
-43.511178100841235
-47.081974753482655
-48.12341811027429
-52.318884722573465
-45.826540512722765
-61.79721917399238
-27.799768412128046
-77.29401829073194
-43.16880159147853
-54.846869081540035
-54.849381664710634
-47.89475768630222
-86.85066719921684
-51.36303935458
-129.87724038981642
-63.670914684987714
-40.845503730599305
-31.75763086694232
-139.9057925243336
-48.039168584214366
-167.63015093405298
-172.33040900127753
-90.99912778973547
-25.947415583177275
-67.5453241171121
-20.571968654298182
-88.18473542339747
-67.16188020274738
-182.72273919309072
-71.7648482229474
-32.98412031320005
-42.96094060607364
-88.61827749373384
-71.10093133511167
-47.53105147676474
-106.92912438121408
-162.62375817042738
-78.4999484734281
-123.8838507595988
-86.77000919998443
-102.27235780814298
-148.9575146756792
-155.29128047390307
-34.33048441369318
-57.986894841124446
-145.00661498670482
-20.8994964085907
-84.39712788374489
-66.54952763306828
-92.24151480191213
-104.13040829382179
-228.3492042141997
-163.46659694738943
-44.26832548824495
-132.04175366780217
-80.95664008612829
-154.66116070498578
-43.86498457498385
-23.686624424361632
-39.74297393340762
-82.98264131218089
-57.50697333376461
-31.375397239776387
-46.79804885960089
-37.392856433796226
-60.86212454463738
-95.8486411735273
-127.5184491465688
-36.54962836759677
-53.69599731646523
-102.44423640957784
-68.28083740756922
-111.91666664536352
-103.77729780244601
-68.95079486251913
-106.22142539565462
-124.91831188451465
-87.27815585639594
-111.23884120353928
-60.30487681323849
-100.1225176027475
-99.73027569264956
-39.82153283940717
-143.97934076501727
-78.12697341881476
-61.298463222382026
-144.72190235197453
-25.591526714989627
-50.95146243693124
-98.77745606761097
-72.82093801752426
-85.20077048580026
-94.5858343291819
-84.95616234451683
-35.3167794753373
-169.9008553388204
-56.45308298809722
-37.11867683069955
-73.40345099148338
-88.04096562695882
-92.5273212278519
-39.96788594234555
-60.31821307896791
-109.2136570487877
-63.97765066365975
-44.81842340870245
-96.68995027333766
-74.49172161032199
-57.35825367183142
-111.58598246923201
-92.38490219691316
-87.32916524570886
-86.54923803269362
-44.402877418618964
-94.16849253650892
-167.54394593183147
-223.94395363481993
-66.42828286029163
-112.33667058324869
-86.53884270084511
-72.82480420224918
-112.24625241479251
-51.83062028986555
-83.7383120680582
-33.122331527568
-114.87704024839677
-52.2217187896395
-43.93102422650373
-42.112165043287646
-39.40895295815724
-91.7172668203639
-78.05009284652161
-58.91465849703052
-41.55188285132286
-89.98252347067717
-84.54111742359429
-100.12785223143008
-44.182225389282785
-38.20880883198038
-57.886706308168236
-59.69379751392043
-92.27652243256621
-101.67531765112082
-93.41248950645817
-65.49125462300933
-49.279400515344435
-75.60223978765993
-133.35982322582075
-84.83489924313183
-32.08261037179458
-74.05253554915323
-75.70981619494492
-66.7780275332266
-49.826258096850715
-145.61774416440718
-60.461701177099194
-103.22722573657366
-157.75738302179568
-79.67818315925345
-86.8347716320629
-153.29065218852404
-132.55883828426738
-98.84580948094427
-142.4947776614452
-109.08401976690408
-93.45826077525535
-74.15219854312713
-146.7595549224999
-73.22676757024175
-79.1369654522251
-60.36943427341829
-249.62429585942115
-95.63349480084382
-66.08419135555162
-40.13922659145752
-146.46875637326028
-116.543598881313
-106.47618063663415
-91.07647157305799
-87.47742452609408
-59.53146922568863
-81.92762498758876
-166.4999054114032
-56.64885290786551
-114.64133705658314
-171.2483584086403
-76.36219964643074
-151.14733399911938
-81.99206178280386
-133.04585691713558
-118.28518027201167
-81.74116171380221
-54.88919352876964
-96.85639774551362
-59.65228203125073
-65.15336903427773
-18.74290922051089
-46.1723902425679
-93.41880087260161
-124.66421333629624
-68.43555995474873
-176.20253338064472
-142.93909102780674
-90.88602932585465
-63.175787714527445
-113.70253183317881
-60.938886963429646
-68.50616391897867
-75.4176408977582
-62.77853671863425
-123.69315245393975
-191.57217559726982
-78.77224230692187
-36.23355294767219
-40.539005449036225
-46.03974520520764
-64.28319987460343
-108.68209981075766
-118.88294994038225
-150.43423831965373
-51.826064499736944
-51.47081612796437
-100.00147743471477
-148.04989742464699
-131.29056835560144
-178.93181660773587
-111.08434626056848
-101.10210090825007
-147.41406030246222
-86.50881765728396
-114.03662246564058
-136.28729920255296
-100.95261071412502
-75.01745744878949
-183.7620888772912
-103.81628974467256
-72.14968941754566
-89.73090557576317
-74.07647763894737
-84.8852325998976
-145.6263868704436
-47.14303858193668
-38.28099301674131
-37.805443268579914
-86.58981609922388
-39.425667127802406
-65.0637711005814
-31.367218585599282
-41.147202233173566
-81.1836978039113
-53.11982313173768
-53.37887220651152
-73.17488623454439
-19.78090904514098
-36.64705118823251
-40.23048229754021
-62.288858677724185
-63.03557038012951
-35.20763848934786
-26.08000494162644
-37.92943067995649
-105.33792759031503
-31.010411719220002
-41.38175712317138
-119.21006022395089
-51.051236527414375
-39.78254149917804
-22.836962471768192
-50.312427298147256
-59.04636591270161
-76.26627249274489
-34.6441169555345
-50.783268228054816
-45.09623095901188
-32.32189872310778
-55.259555540064284
-26.04621800680078
-47.02713543547784
-48.24264084826404
-73.96466183009565
-74.63333950413727
-36.7205076321623
-63.391854514020245
-94.73594030083724
-149.30711167107327
-57.66957953682945
-76.27109770987357
-96.4014617303635
-79.29726711960564
-160.5205392309156
-87.44491812803807
-50.95490810627433
-89.18105057998491
-60.031451056402794
-469.1837561087844
-94.07377806406372
-142.20028565530205
-170.13685332655655
-175.74968333525862
-55.70179015279553
-192.78579855174934
-219.50330417054607
-113.23730889565626
-167.5291859267271
-84.25248157320617
-187.30063737588276
-135.64976198692526
-88.03395495411314
-24.316486915637178
-44.693418494418516
-139.59027765693781
-115.1874415380948
-132.91585864799828
-87.89419205848343
-108.89852465677224
-143.52859347318406
-108.3538274187406
-79.60157262794637
-54.25483708930715
-91.94644240335344
-27.837927936652807
-28.189514380548143
-48.89977106941658
-31.809351256066666
-30.005421218618235
-143.32083782378118
-124.78788584996802
-214.87769178205883
-76.68175391511267
-193.9975780520984
-85.99782886147972
-126.48996859789179
-117.9647221562132
-88.8284468730101
-85.39541673735317
-134.84877261174105
-70.85172867089693
-57.382966232427066
-129.8615658667266
-132.59959977986276
-56.01973766028703
-39.63809727653859
-27.972958101956927
-24.813113936102994
-113.84219695237284
-27.295341328407794
-31.624347777060326
-53.28860777754881
-68.95122248913766
-65.02620015129604
-44.98580459747983
-48.1319772120096
-45.918886679996284
-56.46746850258815
-58.54725581897154
-97.40403593288349
-89.31960329662297
-90.51480421890099
-51.049200415359174
-90.47387320517457
-28.978470869873757
-31.809674315495972
-133.1598038916212
-161.37943543328012
-97.69112032714747
-93.64677543137377
-137.0090768455606
-55.258673109267875
-156.83103194487285
-133.7682063067473
-76.76222652350938
-76.70129982251534
-67.75584082003701
-48.94081873209816
-49.29852758500444
-46.963299166911575
-32.133516844730046
-32.154045014903915
-31.82724009549498
-82.5323764943128
-111.20125522172285
-49.62281525715761
-92.02181875502397
-63.32639948210495
-45.05620234079505
-28.30300573496078
-60.03226860059758
-155.37841558281283
-129.70802309031924
-34.61544391892902
-82.38885761384451
-84.47645492245051
-83.94559694703302
-66.49507728614985
-136.67352050518187
-63.758581235206044
-124.18373234471962
-107.4858019883151
-128.23506147105954
-71.7924596972143
-144.03154042790732
-88.89019429691025
-62.07193456719074
-53.24857666030521
-69.6957504802453
-131.74300440080452
-79.88652032230054
-124.91452399754559
-87.59803713562141
-71.93791604166836
-71.44420077731017
-122.65780111862576
-73.15877258744602
-101.69559970953725
-70.8153059977707
-93.16429107708382
-101.04135388166263
-150.61278714198022
-91.70182773545054
-121.21385266513938
-29.98683080435932
-114.18559995286779
-34.25077989096
-82.57345367924502
-64.33852902031633
-137.06007732164912
-40.497063620995974
-79.81134684665753
-79.32973016041561
-90.09949066276069
-130.46899295665796
-87.60885113996595
-121.46229335007382
-71.82879606616328
-113.94078840927024
-48.554041367393104
-133.85742289512118
-119.91550908344789
-96.94120592554208
-50.79707462617005
-121.59086148358357
-70.17605243382413
-101.1294665034896
-81.68296170864699
-25.619252199096472
-118.04790744399719
-83.51275284792544
-47.783489042967354
-58.21816019695657
-158.12690755500427
-139.18823584706507
-90.4434919269432
-73.59521475838473
-120.5416388669678
-101.8616257240578
-103.02457748100815
-37.32744207260747
-131.48644146706602
-89.48207738553936
-141.81500702753848
-89.93810226245147
-147.46739672553383
-69.16295868152147
-33.25894522974731
-72.58749788929606
-151.0684812290943
-34.58750488917081
-78.49731565614188
-69.80961566451411
-99.7677818371804
-105.39430863218514
-110.559920698435
-85.09158092886427
-114.32758959852221
-127.3382048745806
-76.70023772002898
-93.86079798775525
-184.98912789926342
-124.64003373084363
-74.33757310216845
-65.3584841558028
-162.35284630531993
-91.73341320679202
-121.85860652217514
-29.38997243591742
-22.085408906952708
-62.7780459360884
-51.28906835691877
-37.6981450771436
-26.138325244128243
-80.22408514112469
-73.50932209717944
-54.50157008478356
-38.51405444420469
-63.118885438877854
-97.82889743648087
-93.34197797794879
-77.99832704974953
-55.507162219092294
-59.5519831802869
-104.30508728956866
-135.51051882193266
-40.82748386869158
-92.94927595065955
-88.78130350040459
-85.05850462782394
-38.35592043876521
-128.85918814747296
-47.27420331781802
-89.33607574460466
-72.61243149994675
-82.24576197824403
-64.83882007072421
-90.19966077766253
-38.6333896439948
-53.472395886163795
-66.12873878899609
-23.59355227620459
-71.10973967239795
-99.0642090240713
-72.67625805918277
-86.55295435273702
-47.60866864433151
-76.15787878822277
-21.951431781684853
-51.14345061760154
-43.41916736059923
-82.154821214205
-50.750841729964286
-69.74103582196678
-59.182194993663494
-67.458809474159
-66.86343855318523
-36.580939337982635
-23.19177872028937
-27.74340913586302
-41.83432649082311
-35.56546768895012
-64.76594734622647
-32.08697928768394
-51.01736615823814
-31.0150068524856
-51.31196343592686
-55.527195129368366
-89.12738386813967
-58.14620965540913
-151.0832800259531
-118.82169817959968
-107.07625228825805
-79.43567476975846
-150.3296360261362
-63.64689855600477
-110.56999093813224
-68.98881415785728
-70.94771246593149
-105.42237876413212
-73.49336628839436
-82.74499226890435
-33.651029853618894
-55.4609227138863
-93.33433959436778
-65.17909753579733
-69.39791545921169
-100.70206476441038
-73.72604591929876
-72.40389259310096
-41.78533509111044
-73.99386240516668
-66.22329500413053
-58.58356372949239
-66.84176497247186
-96.53747289271126
-42.811737208412794
-49.34477044667761
-49.687843260747684
-78.64675560109352
-78.0517855144714
-44.78653517605171
-74.01589330711329
-63.230900207843305
-70.70150137894875
-82.26434952040339
-33.278859718632624
-79.70880419525467
-164.84962180272777
-63.57386623081751
-119.61691600348077
-45.26354673022067
-83.28627056843561
-66.51755222460231
-25.433630129049035
-58.88483853592085
-41.15886809182099
-83.35498937823479
-48.65999614099059
-89.17260791354695
-126.37314154268326
-101.26673826873507
-95.39782287752122
-69.47006678449344
-70.18371613384706
-70.66460468475553
-58.41238440197766
-92.56068432530897
-88.9650073921623
-93.30192820518161
-66.49521740801981
-106.75724038607876
-63.876281949633196
-83.307443692355
-128.61211098525405
-120.21821359368614
-68.92444601720798
-43.345372620082365
-60.395824904894035
-128.5224582292607
-92.43205855763985
-125.05483367464117
-44.952720927638154
-26.62755443084583
-62.37717781961639
-46.14689370993458
-46.497268270825614
-34.26684616073234
-109.55155103946714
-105.3544676579216
-176.24499567021874
-40.191453716577385
-19.594196136195325
-63.88249713377813
-21.750025406939848
-22.13886617589014
-70.0266363489327
-92.51153744537203
-36.06508711277704
-23.41053412147522
-24.7333531478922
-50.603217358250795
-172.52288801818787
-60.18846535036693
-85.06915164771696
-44.900844065809444
-134.43150609263307
-23.00438194754696
-69.11011294729879
-87.61994976569365
-112.31084852890879
-200.0749594579656
-43.6259580252313
-102.15345111491324
-61.35497520584111
-22.065244497992456
-52.71682550847973
-104.1115499736129
-82.88992492003797
-104.98490027933126
-58.14278498339189
-144.5811816224763
-100.07260050928376
-149.9061251800303
-78.56928424693234
-60.56799226015991
-28.990016786140167
-48.059578266219994
-23.69723823838846
-85.64257005681
-54.07461065869798
-71.64284270100342
-39.71045228241812
-118.58176114901511
-78.07506520597704
-198.36571884038915
-129.82445373959905
-85.67544772293071
-127.56365254427493
-58.546109926006324
-46.77798948331378
-75.94078918471934
-186.64640757851402
-80.27746658140227
-122.85145342428193
-69.82546326531903
-143.29282055463943
-46.487013529603296
-25.655472528146113
-69.29100972936092
-55.39958616554885
-84.09640644315418
-133.99174587390746
-71.36161094718389
-135.9083221760927
-112.42050743762438
-77.06578738289595
-119.09750700122058
-59.81028907692902
-118.045009603436
-65.49559150886834
-63.68085474493294
-62.175275499087
-111.77766859715062
-46.31203549054788
-85.96530080328031
-106.93995207756802
-86.52802009844001
-133.57739697056576
-108.39683190909199
-84.58783353865323
-54.873722407643235
-72.75449973510054
-82.97515825024105
-78.43697846272411
-80.27580097980481
-39.75119815670933
-59.29885583637043
-91.58126903410783
-80.18386179267716
-60.39912150806202
-49.07136808668672
-45.23901191618377
-84.23251302026686
-31.860422078681825
-60.749025076920226
-71.68039695825706
-62.75225744874319
-52.42286504139374
-50.074988178668384
-86.3978705094839
-92.09534802855241
-43.07047548458242
-74.27509097182494
-36.04202274324228
-56.30117060249895
-96.78857189587886
-30.40690377223538
-69.90388703086735
-88.95938628616493
-76.78924622187971
-47.50591351084909
-74.40800992809307
-174.1147090383254
-80.47390987469846
-82.28294410994891
-108.86986377154452
-74.48008864861677
-158.88956861232876
-94.5239978176982
-83.48859835612896
-85.85137073198435
-62.953941846431846
-65.93563358699673
-120.0299802399994
-68.38848659525952
-84.8498732033678
-43.00510152942606
-133.5752847200059
-128.7655764504477
-115.91227636035792
-117.9719808737199
-95.9329170963535
-300.217482053466
-95.49248635010656
-108.28611608879923
-106.85411822536155
-100.18759806996512
-89.15665023516063
-114.77976783197396
-68.88628158140853
-194.80042645436095
-96.68331429547527
-91.47093046828067
-119.96464712340753
-69.59103644305232
-50.385304605524695
-103.23812645008977
-77.97022777335438
-39.93498850239569
-44.54331804888273
-78.79844615846731
-123.70548023616034
-108.33295080542638
-70.93697045974969
-96.921163305843
-79.59214171820769
-70.13584883708714
-114.78720576192687
-83.16911254697158
-58.27687761217702
-66.50254399132344
-116.2015465167411
-129.54917880748354
-241.476843849198
-35.351563094616296
-293.7650541393776
-96.80766412801457
-115.01514174561625
-44.31026798237931
-80.36140444089091
-116.99689568032345
-105.91136041964941
-147.48485551758492
-78.8438407799692
-90.92157151354493
-139.21767906971434
-115.50104066080719
-204.98668203912254
-169.72946027763317
-68.45643393390431
-194.54052004572193
-178.6524259880168
-106.57245138738706
-94.75989881947042
-70.70918313949298
-77.14351496776695
-105.94212359575825
-65.88933628345401
-121.53463107417674
-40.34539832698326
-157.65727458996395
-109.25623301377917
-169.15491646914535
-39.42383990980868
-92.63674493245362
-80.28808628505338
-120.46955080673732
-148.7961915262921
-42.80814911399752
-40.44149932950193
-43.91527459701889
-53.141820478591335
-66.19468501968397
-72.8919244226985
-68.94695562902513
-34.521220049678
-70.47338979338346
-93.85183484915693
-34.405527026869464
-34.599849637495105
-64.87300948860218
-74.49374219997114
-81.89025386138348
-77.37888514327899
-182.76111201953566
-81.16785150240268
-44.21955951036893
-53.63849713667981
-37.03215621754266
-63.938156216441314
-178.94240460523386
-86.01706245042571
-70.22133247775012
-72.97650874948134
-103.71612690008736
-91.50599167383456
-128.9298627609324
-36.644385292494604
-27.5908603239851
-36.44316944315789
-27.384200390561972
-20.69454141989902
-33.18459982692899
-75.08937013922176
-35.2079778941398
-54.62865187660238
-34.625450703835824
-49.04629452291064
-26.243411750458336
-36.355904326847494
-35.29531472534894
-71.51679671285335
-31.111878160651063
-28.702214583759865
-95.35070474872433
-19.2645943511609
-38.838188375591834
-21.775337305629876
-27.70750013549903
-41.397972163804994
-37.138130626489954
-19.298637311538197
-58.33785894228702
-22.595628849714274
-21.251129731319626
-25.88039419713425
-68.2759690069026
-34.783751863922916
-28.20098073083385
-54.50063928285149
-27.421210923914337
-36.25091441673798
-70.26876529257628
-47.104903638907004
-44.70845257782617
-48.80220485068569
-54.86941949463357
-144.1328897028475
-90.14479537518535
-60.36546690053642
-137.57492218766686
-81.56058860368998
-81.05786202941002
-127.89944094904938
-77.74913031331931
-53.78108853135466
-98.12843480840162
-85.57341277159733
-50.97399268380903
-107.73552970058857
-81.43291190941731
-67.23878735600799
-113.42384139966896
-68.928063626474
-197.30487239213662
-108.44482823616053
-86.41717206453411
-113.12972286177596
-136.93908286120583
-126.43881440151354
-241.5455131079382
-136.119589310023
-223.5047080714493
-179.49141756971105
-189.76188310118732
-96.89350984553906
-57.83092700598243
-47.3424382059819
-95.82004767028918
-77.63926830640006
-100.51421478554012
-60.59486616786518
-162.76844467450226
-97.90609833054233
-104.52954288085762
-93.06278347038081
-144.11158589666772
-58.38296711938581
-49.75404004030763
-83.50183546250194
-82.35802065631891
-67.238043788705
-74.25705891272311
-129.5498794358874
-48.935756775696376
-93.37168489562423
-129.16399649224087
-64.52764775445698
-94.37527386592797
-103.60863367797415
-45.47955726014011
-52.5925417419449
-95.79914355685348
-86.47172919066234
-119.01964467684685
-64.25056954558131
-164.8844740415984
-95.94670502694126
-24.0137495441215
-101.54557451473681
-51.61837715410627
-39.06768838250751
-105.33443761434907
-56.586698682285
-76.67593340526473
-129.49202785534712
-128.605681602162
-27.62619212985092
-36.235343351327565
-27.87466068215454
-35.08774538038507
-84.4918645307836
-111.85240689038247
-59.051201623902564
-85.91244790119036
-130.80585206723322
-139.40023233851258
-80.54722316302119
-35.16149257107514
-39.086232571245915
-55.895005103233785
-106.68695973208918
-106.8968079647348
-63.304692983339635
-43.6341959368299
-45.48802811869523
-57.30316771194196
-86.41588808045648
-130.57479456708563
-117.98286743483466
-65.24497583888248
-68.72365838158937
-165.27232045983203
-88.37769896149405
-67.25762994332739
-43.855400958225985
-131.06160627831144
-88.14750747879253
-93.241875750244
-55.03202302835417
-136.594412626943
-176.37215301635248
-75.62336731293097
-52.03186848298555
-58.49450761286921
-116.05331894334999
-90.26712242380523
-91.68694521196643
-134.47726830539412
-121.25242103611053
-245.50073166277892
-133.0180215150689
-62.206537968588826
-125.93065847119227
-82.93733032948096
-85.53779106073321
-67.11443318595539
-81.58058051077718
-145.1706019752336
-121.3887397030199
-144.58609376815082
-72.65209575387736
-45.093413386691196
-109.34534323134903
-92.0710091414382
-148.71118826954557
-71.0947763173734
-117.47103500758384
-100.74756667171143
-161.8930977880493
-88.41290219925204
-84.56886430417057
-115.5893994242641
-80.15353061402438
-52.51415525414568
-103.04918828920496
-156.10653073347152
-77.80630598126059
-47.033444087345394
-99.64623415867179
-122.47725554606468
-134.60370450415778
-85.9395547307485
-50.7007309187129
-67.5307852797449
-149.22540457120047
-138.70225929365915
-69.3790323607118
-34.41706457279059
-83.11367439925979
-116.8196128659727
-148.1297140324266
-149.72243172988695
-194.75518549612636
-77.99331679792064
-49.84505989637977
-64.70402097790958
-125.25817685424826
-85.66398084648233
-109.25456735596539
-143.07976194802671
-80.3123200555767
-67.9909731818377
-127.33292525062483
-85.22092744609635
-130.82793555966683
-49.61110040496369
-128.05534715934442
-84.21351586617149
-163.80018186658853
-114.93169537345923
-119.28122113895986
-84.12174473162615
-35.15967080687474
-114.2841679162015
-98.85288170391459
-154.34683236673547
-75.85952566400742
-100.0854472710539
-57.98063927308085
-86.29194883284931
-167.8009570013483
-70.15862582970013
-130.85519186990962
-72.26421764844316
-44.03990641403837
-105.75201001205642
-146.2615879076494
-60.29122133708895
-147.01192981998577
-56.39297580526001
-76.46373657017261
-95.65846733189845
-94.93301740568425
-128.17687340655044
-99.88114867293197
-154.43623230336848
-67.47492309861563
-94.1590035842339
-110.31109667453342
-82.9138909154558
-38.51869129647448
-120.8308378597974
-205.51791912291597
-85.01182715365495
-74.5210244664764
-87.45284180344953
-223.0254803746243
-185.18129363320762
-148.87418109145764
-386.05843963652774
-192.92980062227008
-197.31011801284214
-176.78351924219854
-133.10252967422255
-104.36754165041883
-102.00635658225953
-57.274537022446
-64.21806491628573
-69.78209070823395
-203.23275066594877
-197.7897869666713
-59.789719788995605
-45.8429379067344
-180.70422947753275
-136.14167786845073
-132.09456150766675
-22.33895266154539
-128.38527899962517
-132.13189148888418
-128.1489463353567
-170.56920170751516
-165.26241392625585
-103.23001801384407
-191.8479754996818
-47.00688825215816
-121.02449526273878
-99.03258783212911
-68.09220422751012
-91.99403831784461
-109.01589342227798
-85.02223559620019
-82.78083204790718
-214.38658381230042
-74.02378276034536
-117.76703573818186
-149.59766687107393
-193.79964131413973
-39.30825656064167
-105.33491453932984
-109.92047732434312
-117.40822212433423
-112.03505894101743
-131.8962715661168
-70.20346439567224
-21.51072518881677
-106.29911617947545
-155.72580178685163
-126.78967861032378
-63.834586312848856
-46.83515970682317
-116.17962129264524
-89.96201410032229
-112.62349098408737
-55.4010887790517
-161.0507758531871
-73.92169933125876
-52.216200033047706
-51.52953344575572
-133.79779304835125
-64.8179132494342
-176.91809481779873
-127.09628830842276
-50.75309080530955
-72.03699049495458
-131.7043259791608
-83.1788893336221
-201.32959189446044
-47.12847765915616
-94.78851806599427
-80.49507140190845
-266.89213780598806
-55.09755758584282
-92.21407813656637
-115.90355706610214
-109.82355994477537
-43.11601435248772
-94.24183992525353
-100.26773528540299
-60.96696125246383
-51.18731328991763
-138.383488022447
-71.86210502124217
-66.6704238980824
-77.48802504986959
-109.07265754360766
-32.17418114689036
-180.02026177574947
-52.57561960519568
-125.3411743084018
-65.27952880831897
-182.51049997397715
-53.18331340184579
-42.48682695530129
-299.46547484365243
-262.39618399497425
-46.23692585825413
-176.39924094946662
-207.37108134062416
-158.3504577678498
-221.36398035612868
-47.239305815987514
-30.890132822799917
-142.7479543371936
-71.48761641453136
-113.3701460883147
-31.65133105755018
-56.05885386948092
-38.66044629043987
-47.583282296108074
-77.10242275542218
-72.34238380625798
-56.194642948918926
-104.34267570042014
-39.57172831375043
-67.90315788839533
-94.60292118964372
-81.87377910676072
-24.34642963745922
-196.9749356654505
-68.46848200734644
-81.67035466284925
-32.9279966349923
-62.676086448482096
-42.4160152588231
-128.95187725119268
-23.504340345193103
-131.7052757523613
-136.60253367556749
-106.27004954447622
-89.16516279064943
-155.35915466795288
-19.67518248866602
-72.82240185901787
-127.6001996363831
-78.35602886752064
-37.50368134517617
-203.27505042119608
-121.42398903196147
-49.33197671880614
-162.57313940336454
-225.27551326368652
-72.49640526571503
-178.09216199975302
-160.12432028075867
-88.55217177473189
-76.53458493413083
-74.5161398686929
-61.26368438669638
-18.25468426193409
-154.33910525984325
-130.97572532313248
-112.50766697809439
-65.59816020332168
-90.43996741410545
-58.088751033312576
-167.5667131898713
-18.437696460611274
-71.6758786711922
-100.94199677107174
-153.70416258463916
-71.0390385151907
-71.65909054460167
-164.41298695743646
-139.79715888145785
-59.311072491444
-149.40721878887265
-26.5194071393013
-52.02914139767909
-19.449604541564092
-75.67299295506858
-149.78442256287252
-71.98270281915076
-20.875132420616676
-70.25410549937999
-69.88044223706132
-173.1084358462099
-98.70962570318031
-67.65752194432437
-55.88775531070884
-109.54197876813582
-132.96284764068272
-101.2266099811163
-81.8290844857651
-138.82424527121486
-81.3256750269814
-109.5480157978011
-116.16722501031128
-55.36933849109205
-48.20270332318648
-65.6220332561712
-72.12098036733313
-145.2885285912245
-99.78340921627436
-86.2384805597145
-75.20702010116541
-111.23038687322583
-211.23544999916973
-56.90096210422792
-128.30651693331782
-84.50546329429392
-174.96832470660783
-100.44855561882524
-129.68657533638086
-59.55915788941475
-49.34445602248453
-44.72587441788787
-170.31074287951276
-19.790548390921018
-34.371231079153105
-103.0057784022192
-67.74137419011907
-102.38457513938954
-97.93904355653423
-79.45840617752614
-98.3641589407864
-74.96849421147881
-112.99121685072016
-72.39344621422615
-146.47698310745125
-61.35083666927092
-147.96645840420928
-128.7973591581383
-124.12389720208145
-118.19439855090286
-105.48018028886729
-127.17695226736325
-86.80520705094625
-117.84470971501169
-30.981607926643978
-142.14303840419797
-87.37336032053027
-74.32075131935306
-69.4658363489631
-25.382643367357915
-130.29738826169108
-253.12465379956524
-86.58604097215317
-87.7678721866046
-73.19767991241623
-61.940021999515906
-73.41052122465067
-76.94347172107982
-87.10606725581178
-78.24428588467586
-122.16887456553181
-69.57032025673391
-56.8244271482524
-148.8073678071928
-274.007569101987
-42.48329669069598
-112.71131354363554
-300.4675395157443
-107.06178692036227
-94.96303872795977
-97.90135227429255
-89.86188692554389
-137.41292791101426
-129.40181617962273
-155.95048673597458
-158.29693462211196
-99.28371450478915
-85.81648096143064
-83.21251415468751
-25.494601231048563
-31.065749383843084
-49.60015639320961
-117.64069412391976
-28.95708674315912
-99.40159396656934
-31.546094457343365
-96.01809600926725
-77.0492579717963
-70.68813164290262
-84.74135886224173
-118.91704903264812
-101.95979424688439
-84.51454162215516
-38.40423784732678
-66.93272959085583
-64.56985106981674
-53.09543306783006
-45.19646315033675
-51.423914498723505
-130.88263668965283
-131.46678339934724
-90.4397516732208
-60.760086979936396
-109.17253118607901
-70.50228542444793
-273.6409110000203
-21.326146405935738
-67.48893855538297
-409.19190554799553
-89.79820030757176
-66.21133700306848
-92.1047215754492
-109.35187799602717
-124.858416405239
-98.16399012042861
-29.450960367971128
-87.27281067580867
-149.2045657780848
-125.19255859899866
-80.24583094844492
-35.692587625901616
-46.771049507597716
-95.06037336895714
-52.472832923961654
-36.84354958580918
-86.89222393604615
-60.69261044425902
-60.1552961105473
-116.72746833482807
-50.376514031820406
-42.549456138427274
-55.29313571816593
-119.00581746585108
-125.52412740050202
-155.76180890231657
-131.8232393595964
-112.3603868261924
-106.6257034799912
-97.30929357548678
-170.27469939145323
-120.88295461698034
-179.57492884576584
-210.28885545049752
-46.0267640599875
-37.32731811759348
-95.31736099966338
-65.22134612864353
-30.359566857344607
-90.34688611887931
-94.61964900309216
-55.67178611594694
-87.02555485422953
-48.76655650204605
-23.235363017437574
-71.47566957388614
-38.65917745384415
-88.37061600794327
-65.09692081043376
-74.16728395076572
-25.292182549594052
-40.31507972164194
-23.098039646572076
-84.01998587211493
-130.223821985639
-96.82971709042712
-83.61318142910892
-20.235417466390587
-54.21053774070434
-71.51475475130154
-37.3219829468349
-34.24939672777042
-78.77681312889713
-20.9406375775126
-70.17133468366738
-56.11142104726551
-36.995922466142076
-52.28295117562317
-100.66908232063278
-81.07126347485011
-21.90162281148493
-175.15544335897943
-67.3918991114647
-22.833026299634724
-18.621350412743244
-48.75076613295981
-23.56257566814378
-202.66962973274303
-29.260928756714137
-19.53915171903406
-113.47588636006279
-29.58349493912666
-64.80996011458663
-44.38525978740909
-127.85558092369381
-131.16304526851613
-63.75558742456869
-46.576870091388244
-33.003535370441696
-52.06894882864576
-140.59122799884142
-60.45778087917886
-54.976157943178535
-86.52277995541213
-96.42576534873501
-175.41419857153696
-57.2434086218457
-98.75356145889795
-64.96604044716192
-35.16473945776436
-81.08847910585548
-105.0927088721387
-98.54292787691118
-67.93105210519781
-76.68013173755199
-120.73310763462719
-103.90769703286198
-103.78740177643715
-96.74728842644025
-82.82250480911743
-150.00444326998877
-163.34902558612114
-82.80865060304919
-125.40018164968225
-34.5099448092539
-36.65970788976506
-133.538229185974
-46.636939415416514
-69.28220227662258
-145.5359782109873
-221.2717579413948
-138.42594174865872
-99.80996570784095
-65.43693502232476
-105.63834093337296
-118.17421658929042
-146.43271567751958
-113.26686051297914
-40.26570907707238
-23.068984443773537
-31.489155000297536
-52.01101532897331
-90.25736527287164
-22.108536892004956
-23.941928541601726
-91.07860790537401
-155.6819518546907
-140.17853569622818
-150.67444783336703
-67.22732751606642
-76.17673434418397
-85.72212625373527
-154.61033645547852
-99.1147420721771
-58.12840707460904
-111.56030217364479
-152.84133502470056
-68.64395306647067
-70.31264307244533
-62.51460035927002
-55.42898545576926
-94.03683662032036
-47.55184741437515
-56.462695048739214
-68.83683026921882
-77.33182189259209
-124.09356455685689
-78.2185815265329
-103.0214371229837
-44.659259656233495
-59.365709226159645
-82.13579637119527
-89.03574510158884
-69.17762058736675
-71.64545859247723
-121.83906171329876
-96.30307120583437
-74.31600944275831
-86.95980067245571
-71.70994436761812
-29.42126594647479
-75.05623477541764
-62.44905883209271
-61.61031615451906
-121.97563681894984
-83.09360463399618
-57.80277470358603
-63.05198834857681
-51.64988403496948
-106.83782347270203
-97.47571785789272
-116.19747685896736
-66.19341362782401
-62.75130842835924
-77.7809977450124
-38.66686384226516
-30.031766547641965
-63.189924510824255
-186.41795783060633
-127.29051891414204
-83.79285604629254
-62.2853468527096
-127.67474299578001
-69.54412253776779
-81.7064351510089
-138.36547029471552
-93.74597352855739
-110.95762509773085
-108.95134731010033
-78.77203134105193
-96.14073351343708
-101.26570039062528
-86.1593045248627
-50.377524217007135
-48.09775943316488
-39.21106800468071
-189.93457775500798
-52.24068328687096
-44.16983495410162
-68.72670904819289
-166.57846714836603
-83.54146975012797
-182.02430788407753
-127.73169854822217
-60.24967532294923
-89.2390229128893
-277.2472213878552
-58.996300581724164
-27.27383271089234
-129.5941596286215
-77.50955767137752
-128.68088685460194
-132.53111735258344
-30.67582390183589
-57.370370131711
-40.05752332370363
-97.54023863144171
-78.13147411578605
-57.9023881523111
-156.7335797944829
-77.39647414701498
-81.22719789376134
-58.30490769136913
-100.50363527657841
-70.56965564700621
-105.97071363143264
-33.72221757282502
-13.058009501046541
-135.78901482480322
-39.69594719802843
-81.41474932005134
-101.60773290077027
-24.430174371543266
-75.92988513218924
-120.60351826171832
-76.53452968450911
-95.1577442891351
-51.929265034168125
-132.69259200376598
-66.73360952771799
-69.00269806154205
-146.45927195509307
-85.77908548339698
-122.64653518438567
-75.68784136617835
-40.2773425862168
-84.99132367655243
-55.41938847496151
-72.14142831770965
-87.16654889648187
-47.59637221240193
-110.23943272123923
-79.39500112921773
-302.07954385968213
-155.33393288862115
-52.850137691964164
-125.80676790829479
-76.39516379348726
-40.804512585652674
-142.3397281230466
-71.96967248718018
-108.4662715137081
-106.00493845565047
-135.21294665543292
-94.854932690653
-30.489068280445025
-20.453965145031816
-132.54822308218888
-120.2292203986584
-85.5670550441604
-175.72330027855335
-69.34075435694231
-203.4607418380548
-42.61223552881917
-86.97251305832587
-153.69009866632365
-79.44484784049003
-194.87840336443713
-152.8803655546665
-61.654286586674665
-179.23612879886724
-135.81986181939752
-106.56539083634829
-110.02407345694208
-63.03900556360909
-123.24455160907537
-147.21856377931167
-52.622422935395996
-35.05105257102008
-122.0758873202823
-200.1062066069474
-46.87156249774459
-108.84422515540435
-255.4417769110529
-146.53850939003001
-93.2492136328044
-39.90790167565492
-148.53200431447706
-183.94507113705038
-78.42746734952216
-38.624248051938224
-115.50937131741927
-76.68427733380831
-35.3896225030716
-107.79142663660518
-159.8564576747313
-82.84344268579883
-92.58878792897985
-38.566787062941465
-112.37905991667363
-58.866359556617915
-80.28525053219181
-150.907727415895
-41.987976668069535
-62.42904919232467
-98.09453521519839
-80.71603310653859
-73.11632319295914
-108.33669165187536
-95.23410213792002
-60.70378106209367
-112.97996352032223
-246.32091211581897
-102.4249042632537
-125.41731061372276
-121.41217401989012
-152.229463607418
-59.73545805260027
-131.20440432882063
-87.35873446685568
-69.82080788626882
-80.33484023140481
-79.98979551612811
-41.71479379613272
-22.344868900605494
-43.43229359630001
-81.52719763410812
-51.06823841881296
-42.815692212908196
-89.40051379386794
-73.1813038284389
-52.145951920781336
-87.35879757536021
-54.43301231800873
-83.92789481459234
-64.14835650465614
-118.89949556284274
-89.9476208372864
-87.22104945715496
-162.59885029621572
-148.80236488063355
-150.76419306073578
-95.69271244985019
-135.65780897172624
-172.21209657423836
-58.11359905749933
-106.9226749821144
-48.17814936336144
-117.4519487111195
-75.89367487025274
-160.00162438753014
-80.39237165636565
-96.5469934010853
-171.14036216165667
-75.90961061830781
-57.69489332954275
-41.56545215246999
-29.99921013049515
-73.45495861254801
-85.6286131304209
-46.548556111833975
-36.45623127854989
-89.35235335202404
-64.81744515832256
-73.96499134516478
-54.00795796732657
-83.26466867756065
-38.61232549461722
-18.44058890421496
-66.32272286799672
-67.99115988699768
-110.23308756630153
-170.12378404609316
-70.44983477362591
-88.71731007643942
-79.98921133571758
-128.79841833645992
-18.457818507407744
-94.70266259547513
-51.30368791751054
-50.24770879525291
-126.9374238027748
-54.262807449988344
-37.92794863316092
-49.26549418068932
-71.80440379846632
-51.726530601373035
-112.23137685598077
-56.58664288451921
-50.87959833010634
-96.40539454163198
-42.499513803792986
-96.19454364357179
-51.37641912240102
-18.5760704635598
-72.48911751249344
-72.5123787100197
-125.9574463020085
-72.12912030472859
-22.336009361935904
-92.02855205392389
-50.1154479931604
-45.894935491837195
-111.32427809904448
-42.440436083718154
-113.00071572713135
-18.44970351343518
-64.7175763352659
-27.59635087095406
-99.67305215845171
-178.20185476558342
-93.6195688661892
-24.451931196729472
-53.12298599509265
-67.57056888774476
-88.25703373649975
-115.25790680933277
-33.682643095838884
-50.86661128244466
-91.67304370137964
-72.34050306170137
-61.43398495211094
-90.89146374477049
-139.04476958487805
-158.8680733085016
-36.089645499942705
-54.249007205251395
-64.48573299301452
-29.77480288313086
-62.399011109028244
-63.501597278184306
-41.185132494287785
-61.71358057549712
-68.3614397634343
-39.65619209660401
-35.314128355409125
-24.954040561604966
-64.68145532046547
-48.935992810220924
-71.93788547017127
-59.256488286999854
-60.9223891675127
-67.63823384895068
-101.53152013217145
-44.27958716793423
-90.1378625903064
-81.6639023990215
-69.5099094584229
-61.856868128249225
-117.79321471079696
-73.53703769612939
-94.67690116074395
-42.38711587188712
-133.7088031041814
-57.30625487981685
-56.59084404749836
-140.44277123620375
-58.44879200083878
-49.48062094055631
-35.81969042799958
-77.30137535398866
-30.22156070423089
-69.14619207004056
-64.21917535137194
-41.66246395526063
-35.720521748546204
-48.52436991425174
-30.55492985806029
-126.6392671605448
-78.1934976161176
-45.4762710904876
-45.63295641273284
-139.06107072721568
-73.51134438483219
-76.59654651872602
-66.6158688408885
-47.87453656741466
-89.30665669847679
-23.359446156766378
-55.82517553545021
-44.81567607232527
-132.04937935103075
-55.6404366169491
-111.34898532450272
-50.35773748010447
-95.55305399083666
-24.136245125466267
-144.07669898942822
-42.76390050035925
-157.13585986707605
-174.42313557178872
-126.12382498376161
-127.45867019878155
-108.61433910312502
-110.28525679655354
-180.47662916908266
-106.9936825770495
-46.30367897617281
-95.19158992863358
-39.3964355829719
-116.81452989266229
-99.07332521689013
-63.821633591798154
-135.37966955713247
-37.64465549668658
-188.10824869408617
-120.71289642506868
-97.1135945944458
-112.94976287883925
-144.62117018781876
-149.33675333937614
-86.33288100778856
-142.06976237236694
-88.05539579997814
-90.12430096158877
-118.97383950642079
-109.18052566335253
-123.18471344908794
-61.66676522155504
-30.579425459962227
-108.34011861515172
-56.19962731465633
-88.28439401416621
-231.99129346884504
-107.04213482918966
-51.6966474769871
-130.3671655751801
-179.28376879821423
-39.41972953245058
-57.574569950108604
-52.45083222644691
-120.64731109758728
-103.15084927314044
-159.62572673041544
-102.98369386421511
-181.95510548002903
-80.45016780773622
-79.87878207422673
-104.87478176188617
-78.57645918580612
-317.2392283870967
-54.04077917736537
-140.3633844597027
-88.68868527746702
-84.73219261591247
-116.12710413573537
-99.751928390785
-103.73640916271499
-31.334542664851615
-164.98796878071212
-57.37963246784307
-139.45586558156535
-162.78635657670281
-81.90148030650145
-127.9573370077603
-105.24217426230116
-58.58585729523885
-87.84719866589478
-104.01742151607975
-80.22515383449131
-129.55088104818665
-35.63525352795155
-117.48049224211205
-101.29250864109004
-134.52026946311696
-74.09982235028303
-96.91199198954074
-104.27510307982891
-66.69013173866794
-48.11895776975864
-48.36226049905115
-237.6749905680322
-120.49514934137181
-82.82109989756593
-60.4057856275575
-117.6924333917673
-47.337700988103094
-141.47345577847486
-107.51611222755488
-40.238365141530146
-93.55929749632193
-124.70458310490127
-65.42258396081507
-85.15030226051736
-61.38537971212781
-69.90183495467366
-145.89839386390074
-97.0852046483049
-112.97020335366545
-22.547076265548306
-108.42600737714713
-81.88202590698319
-89.85553519630184
-47.353266208106305
-92.14304460669096
-53.96616710561441
-87.25122251304815
-51.14532350467064
-105.38659483227768
-112.20113233321949
-161.03021786641796
-210.858202545882
-54.8760833777922
-105.07733416738039
-56.54822446043811
-27.129399634337997
-89.4602389837119
-56.87657400207366
-127.40513563056129
-104.04189093740119
-91.95825303251287
-53.828292242669434
-86.72248866068637
-73.11902506100185
-75.20347299748265
-35.21167772548071
-39.018332058078904
-93.35004581374822
-101.07943274043346
-88.60342463389811
-33.62240103912678
-32.106578711872295
-43.119408977246756
-142.75175972728147
-25.040228347480447
-79.68813336585298
-95.38937406189886
-104.45637645716353
-31.73382837954282
-108.56836853461135
-76.10163306563096
-137.03385482762732
-105.43793125755404
-102.17304239432934
-68.96965373665932
-35.68624291127024
-45.6640341653067
-80.95288270103765
-147.0011776887963
-74.19874386709341
-136.83786339536692
-35.937302773804376
-37.74901454473892
-46.473276065389804
-109.41135789526372
-36.7850812567689
-90.80456570563554
-82.29282636482998
-40.42215209601122
-80.19838634404569
-85.87197098264492
-132.58260446539748
-134.94219384967457
-138.5583249143567
-84.05090161539049
-75.05045294984194
-22.02876110380011
-92.4132584612446
-86.09783129167337
-163.95442502967765
-95.38406413637765
-104.62033808142775
-117.23608483039673
-116.87758233521805
-96.42610160572951
-194.11637348419535
-88.15205049848623
-153.3097700628953
-80.49642916855332
-47.168330000968105
-96.95828049120753
-71.32474371846595
-56.12468337594312
-54.880107521272045
-178.20705421379702
-117.50119023922856
-42.03923849285448
-151.09330648828475
-168.33760071122651
-81.02389071421793
-70.9847731379756
-54.57441440053879
-61.34013735969604
-46.90663388116063
-46.386911579345856
-64.85167735663757
-96.7739848024839
-84.95017758319864
-32.33804061407197
-46.43718105064291
-44.43382305310298
-90.76687933903266
-123.69191097700023
-97.49456283180896
-120.84997439601645
-23.6873517350693
-126.2931553223852
-109.68023645338695
-71.17589002477574
-81.03179973055454
-47.28734065072665
-160.01574706384815
-49.7792751814267
-44.585596607050626
-83.69136710235222
-83.8253566584228
-68.02988229211965
-140.91380863435907
-81.291891246982
-55.269458045258034
-71.2056069166868
-73.18174663981283
-72.36879126919322
-83.7423502603822
-75.7404593041145
-77.4959408105095
-79.99450760267082
-68.01688934019175
-61.89486166778113
-71.16303814285712
-97.07780124061615
-63.611848342754044
-132.9607729808128
-192.51989619533745
-45.28473424010759
-50.46192391744119
-54.02508625352484
-110.68929848298698
-203.72397543624888
-75.52442823474338
-133.51519225009767
-71.69821367510288
-94.86106262809479
-145.05707666542665
-64.48677227694391
-190.05649783322994
-32.457958938100205
-83.00852758790825
-60.70428837493166
-40.13873331729435
-84.25107076596164
-110.34038603040922
-79.67261024652088
-51.13902143093848
-66.52551406351898
-118.65895463670063
-22.59288609191971
-27.987711744068285
-97.69507484427336
-124.91777082603998
-206.88735008002814
-58.3227217545144
-85.74447263281611
-72.95556148507563
-109.17457841118316
-130.50647163079546
-76.98742690181682
-46.31641395621358
-34.184638889978544
-50.42305573484365
-75.6006265426176
-154.24832535099856
-55.03195658931388
-72.56249200117611
-86.66791495822478
-70.14209383825501
-86.28242368402404
-69.67420018747725
-93.25963220325458
-95.16367048994987
-40.10323752659488
-63.464319491356456
-111.86582938967067
-28.459713158274944
-64.83151521837688
-106.07864536081941
-65.11189813712596
-51.58815679566487
-170.71296761430133
-90.13766241051658
-36.10892016604707
-53.947750287278176
-95.34939202828524
-77.73416996496442
-131.65363174949826
-64.08886974995383
-69.45498773535179
-55.4034745500139
-94.71369951411626
-86.12457368319824
-65.02402067040985
-73.82015125763442
-55.02971399437627
-116.98943952081159
-148.47349973262638
-153.58000145985068
-77.82317340493924
-33.05965206465948
-55.57906591300073
-65.72729277051741
-89.6301639605235
-66.36249319135494
-43.37925938480863
-80.2926567560814
-126.06474447221814
-38.21460160774574
-124.98712414289652
-164.61928401946506
-131.31827667004345
-125.274686858821
-86.23641109476452
-55.98688955771766
-101.48020637873447
-98.75023809282196
-100.818196977494
-194.44601739610977
-79.76984221522243
-161.2776630866783
-190.53122423112586
-229.99777308323905
-136.89698113574133
-75.90030385679528
-161.24340295915835
-113.22384742144324
-161.78540840355026
-129.1077775517367
-125.18244841827777
-76.65358018197091
-166.1896355841082
-162.56120849519837
-127.79123473204704
-21.049831127846417
-126.72653760117569
-175.44510159216327
-117.00376646383914
-55.4043051242647
-67.01521461511379
-108.5895650182735
-72.07808167865421
-35.85551835784289
-50.53183271780662
-73.615920763671
-23.20348300721105
-52.55196344250941
-88.42641755746925
-88.92957836402582
-49.431301443793764
-52.87866952672244
-89.15544045302944
-87.25818567125127
-67.42945785650264
-59.39191149996898
-39.37512136776654
-61.49999911491641
-66.17973787501522
-115.16854792765095
-33.876174264371045
-81.47949762849211
-30.77823014262509
-66.85493991091312
-34.725112123567826
-71.15456877467514
-61.31975772526215
-58.36178081157124
-63.7881618081755
-74.25431859483243
-64.41364766597033
-75.66368486094164
-44.226051414913016
-31.91217673675021
-59.92169263249506
-83.06088214655364
-22.51171258468638
-55.46536757936848
-86.79276662609297
-159.0716456138545
-51.30467132209638
-33.85707868273748
-62.91673379968482
-141.76748290011517
-90.4006345572007
-178.81805066103425
-69.84873312349093
-40.74426736801427
-95.3524762844103
-84.07921432285346
-37.3698692164558
-107.04072618839703
-83.9699094030797
-25.94361236871705
-42.24771285981534
-139.53504234785157
-74.98160942808295
-41.79071118817755
-48.82602282583152
-106.78360444680224
-109.83085340319421
-158.0078522038459
-72.05123589483259
-127.10413717341186
-63.93163759617855
-78.16418736441857
-42.09528696340749
-78.7210080537794
-66.82642066087264
-70.36972094912464
-70.0384748098694
-102.08221733407615
-59.551891141571694
-73.19469881711544
-120.98820592949737
-31.86281206102299
-12.55647363001771
-36.0994410985837
-12.97662472696789
-48.330636147993644
-13.008532562858658
-82.82982365396559
-13.968329521603813
-48.99046815370846
-14.2324367072422
-80.0714873987305
-44.838653996345656
-87.59512672349668
-123.31800323666269
-155.63514961455928
-33.61347501277623
-116.46359291289217
-78.8439988897935
-18.16192683026033
-142.8889809642823
-88.59611046980034
-56.00752258410866
-124.51622618694766
-79.03070236710928
-155.23809439516828
-178.91490245566456
-85.74633689157346
-73.98707057374763
-157.15147854376576
-89.92952346091576
-126.74134012217901
-73.12486839012634
-53.29848730933243
-95.4281859163345
-52.72469030250952
-97.03703597022393
-133.44224934276656
-25.469579728572388
-34.505260795161256
-116.98590312081238
-87.8903477932044
-103.37898115759081
-95.39863361056608
-70.93342185947293
-118.90290983532259
-32.26965255954493
-78.1808177117318
-67.94704263742389
-96.63984417949455
-58.744882202961136
-49.025115623879046
-76.35133073253978
-83.56573071891141
-48.56462270294672
-53.20432123185354
-117.34962712382723
-98.83954931991947
-57.89284331479058
-108.36783976362013
-162.91878131364814
-138.69062665784784
-124.02886949154619
-158.7808265205037
-88.5903615090893
-77.2374616092532
-47.739828399070646
-71.42903038287014
-44.88805520805774
-60.10355101301659
-61.344730138741774
-91.35044307830722
-95.65365543402648
-106.75206088144664
-60.96438950516637
-39.05828902103988
-99.54394417753203
-116.61092380795021
-81.76178521123374
-145.69187966121547
-156.4035008778246
-64.25591446412396
-43.91155397108981
-54.681038836791394
-92.17633068018075
-110.26054940888535
-76.03459351276432
-130.74249314813568
-89.79710176686444
-142.05984806586542
-66.71978990561055
-32.1807762110293
-115.2967011328997
-50.40361372538084
-120.22163112434474
-72.34543820071278
-73.67307775013359
-62.6333640673253
-82.84477002746624
-73.01706513440296
-110.01626951955355
-102.03301297612764
-117.69220752417922
-65.6090535831229
-46.81001702720394
-93.32076241470931
-106.53575584071041
-72.21025933554094
-151.67960460425687
-151.86435336168708
-65.64312811271037
-103.29789276459334
-36.12462566461652
-61.675948814637984
-177.72491276583187
-81.35816920763905
-83.50576426958399
-120.86554321900093
-104.82860026951047
-146.06523803994202
-140.1561288057584
-119.27180184047602
-57.58268761683488
-33.166997677183254
-27.14600998605479
-114.48643353732731
-75.98729573788452
-54.669154209279114
-31.919777791448432
-92.83669957363732
-48.53226171560154
-94.72966711943229
-144.88565671815604
-74.00084034590141
-58.32510285099093
-82.05045354947951
-97.7504564862927
-51.51140338458374
-75.77939771481753
-26.81027079460814
-118.20919517836563
-135.32114563261663
-87.57421461941823
-65.33205626983957
-73.09659652004117
-83.16639092076203
-79.13375435459038
-85.28533622958784
-102.63550231257896
-57.25915348133793
-74.14281352123265
-57.34228866787123
-139.4109241413397
-102.94363704705806
-100.14568144344263
-122.59561498542375
-129.164978592933
-49.258685794249445
-55.47779191594444
-53.02681911907999
-97.16093046513714
-105.6526557649261
-134.5756261151966
-77.5106108795899
-173.4322255319617
-88.5887853631729
-62.22230079691779
-79.68222514629814
-25.511240360891282
-104.83987782437524
-30.038500216690952
-67.18416426748975
-71.28495561828359
-138.945810817013
-116.09054020475483
-80.61760043725576
-71.85910138611705
-25.034252500770272
-139.01092010857693
-71.81010885284343
-58.30286215786717
-68.81449527830712
-65.44908159502317
-104.74623436772988
-153.48428473625864
-21.098823192814685
-62.96801196125841
-123.13317921578508
-57.51344402923071
-41.13807115192603
-46.196508998513906
-131.8442063989197
-55.27981534587885
-68.47893570269325
-50.27815705618819
-150.32968768504796
-43.880379949416515
-71.39926424262873
-107.07755400488281
-109.79284133088814
-93.8526635280114
-86.25617624097957
-148.97311680877675
-55.014468883445645
-52.4643384776154
-106.06372013605117
-59.28605533461991
-70.05194728380916
-68.24333797474874
-100.94996486422549
-174.50443690539285
-224.00233562314318
-59.784820231062355
-89.6156904614683
-66.80647824845651
-67.13792285987404
-96.87300431059981
-88.61330840706493
-145.8703801276149
-112.70485089863061
-54.408532456442714
-101.16537921345916
-90.65059649071577
-113.41818700071941
-297.0641619875425
-100.25896543791676
-26.173153517084245
-138.63522618743906
-222.80577939167836
-91.00555743132993
-75.30057450203212
-100.76111858675425
-56.08868687765862
-179.22914284014806
-134.299100852565
-197.3057919889716
-92.18252933526114
-130.64811925172762
-175.3902661441813
-55.0919683085652
-64.27409893121367
-167.37604928257196
-136.7410958332693
-30.954973740211678
-199.95639066271673
-95.23548287601379
-54.23819472577298
-99.53743657405674
-115.47832190047993
-62.674006314674614
-59.5815202569211
-59.395524001989756
-152.46433739189362
-60.473833844382156
-124.5787952032526
-26.36945072735776
-128.65624836500086
-147.73617326955113
-151.06841614623596
-69.92835647498622
-79.81698677643293
-121.33775582785408
-150.37185269800628
-85.80620277981293
-160.88164717817457
-72.81362007267487
-27.234737965514746
-103.80065842721481
-53.468203497697
-69.25162732441439
-95.75435375227545
-107.23945056154507
-190.4341396518099
-146.80434185294774
-150.85696782110904
-156.59394851985056
-133.78335436895523
-107.08607391522204
-233.6796683225113
-64.39912631123588
-68.86163126597995
-107.52248162371987
-32.39591365108314
-66.47877512502794
-47.38634802564405
-162.49622655854407
-38.783909877670624
-146.41021545222898
-49.10546493982008
-28.389646199625993
-64.71854730047092
-93.45797295620298
-160.24375760145193
-143.79650058339357
-36.11985414226878
-32.31201402891682
-142.88815001579374
-76.03550526977315
-144.29889145668517
-155.35359178123284
-174.61666796463552
-50.01000023546596
-93.8421577807991
-59.93552284354394
-56.49075160754491
-63.484445821358115
-28.894807221627154
-30.579077173403864
-114.16161261043194
-120.2454239154204
-140.91997873104384
-77.21941864925031
-94.178834443587
-65.33656511643564
-82.31377693032192
-52.84497510680703
-80.35177519173553
-53.34360843362203
-87.15494800100727
-56.03192712279563
-44.2714842548652
-55.66387479440952
-32.96087875764424
-104.86746427114079
-178.39132083089683
-115.71116015108232
-31.32108573477124
-109.28752370074167
-198.98591622773043
-124.05745367744446
-87.98429177762448
-87.8400990650948
-43.165924215105946
-59.87243491930848
-55.085438867451465
-43.519354494262515
-50.181437690639584
-87.6664291230498
-101.50585454322795
-66.50994395076947
-42.3241420315436
-128.20421932371497
-116.57936817951034
-86.67284663992368
-43.64555333453612
-132.23146934719895
-72.20250183038848
-69.28449011980364
-70.51092667134363
-29.12554617208141
-74.6176716553451
-87.75543488159263
-21.02284965768364
-77.45038726080196
-35.964949475059875
-63.53527660049622
-59.798471284740785
-26.8017091419791
-52.79835880921221
-85.33607404392191
-92.91504760367918
-74.34617753080953
-73.0615600203195
-21.11689151326965
-40.80229876744725
-21.00644071757904
-75.70455118267947
-111.53780590915538
-18.006387112123413
-127.54572189485094
-189.8202681820462
-100.1325955439777
-191.95685120334142
-55.61820275072726
-15.304071288032148
-63.388540359015835
-24.021665904493812
-37.972748102584845
-137.12480018326065
-96.33490001823782
-72.03696589775372
-29.725145492699852
-80.4373324791895
-90.01601320288252
-31.339601111906163
-15.05219060919094
-21.944883871537748
-20.387370951200403
-20.975305120552125
-142.05467182304292
-49.11834493037226
-79.05897329586323
-93.66137039440592
-50.11213540793359
-45.25889689190301
-82.17335586084046
-104.46311504213142
-26.063232715840044
-45.94857324788618
-33.72640413637919
-61.31911470811243
-93.7275548850732
-34.43159155832388
-35.5999216207351
-92.64344841058339
-110.41264229299338
-106.91126971222793
-174.9142748977888
-243.89477406976414
-95.40415859278178
-91.5468786374697
-86.57772038455204
-109.29084176564812
-35.207693557358645
-232.04221056718208
-88.71314057971165
-150.17412454944377
-63.50186919051913
-57.699575862788606
-90.03892789666963
-130.11137186720143
-30.6928088817748
-31.651266590637185
-63.9410126128217
-131.68011469277897
-54.46652525991269
-48.34323820610901
-54.47914774612023
-146.4002540711071
-43.99236918323683
-81.17514257113534
-78.90624548547639
-73.73673003590314
-161.41763977227686
-118.67022564467102
-52.29364521553489
-34.111198247721454
-76.1353428758705
-81.046808122082
-99.0466810108694
-41.16861625204957
-96.96144674913175
-67.93756572262467
-61.86246264037348
-116.2372857227536
-54.25962144427951
-17.088424012219846
-143.55210513164414
-68.31972474140815
-143.60466939786264
-145.95523172518946
-34.122970936230004
-30.146867646781796
-25.39051099395363
-124.14425540613385
-46.24012108676397
-69.675543919913
-223.956840248752
-34.86318067924225
-25.42031784841465
-19.72582723947565
-20.430183215527233
-63.83497472055838
-104.51895241871009
-33.838987372953646
-164.32858355465459
-54.829710045186836
-31.73790060877541
-23.076414498656593
-136.54701664819078
-118.0696767836668
-45.55859379640926
-74.6113643694926
-172.9018266989349
-125.32978490819418
-95.03136037462878
-64.79178243918096
-89.543720567828
-21.604829133179397
-14.889113415346001
-94.48280397102636
-34.18159868086084
-41.82358492877805
-23.382007958670485
-76.70231786849338
-38.454146454524654
-29.171446036021113
-47.27690648414105
-108.80936473265434
-52.88885464257337
-87.57849918267503
-33.43180645120928
-51.276271034419956
-73.04311292855063
-91.46560479741999
-71.18553021317517
-48.44173395419099
-38.78890559135889
-79.52790078058068
-70.83467946099935
-112.77779832537594
-73.2468730448552
-62.66170892136507
-150.87786540751827
-42.851700912178266
-90.72932588142211
-64.92022743330791
-103.46782489362994
-58.97947796024968
-45.40794676172447
-43.34246919042351
-109.85383858778692
-64.7694028007054
-61.876824840943726
-62.426391836643816
-119.59964556561104
-76.77638236557493
-74.88696288948458
-95.98588014739778
-98.4455215095077
-33.75163790069104
-34.682771224840224
-54.668127570382595
-48.402724042990414
-53.00497206706268
-73.02029522247466
-46.409512121594794
-97.90960277319482
-92.60570634529087
-110.1769508710105
-108.85838594264061
-42.01423158238381
-235.3363472765014
-78.54915745645515
-65.19771627635647
-47.385975590995905
-38.17866343491868
-57.80823348598833
-104.5776853203466
-72.51115872734836
-67.26078365958384
-79.01437210929214
-87.45695424014873
-121.40830567708691
-26.75264192376897
-95.02078886084557
-67.01109902433473
-51.9924313721854
-86.86514274366057
-121.75405957174264
-71.38471369102432
-71.74659524250914
-72.64145122987885
-96.22586176494191
-97.50942574641344
-112.38478065882299
-75.00690742310368
-153.1720893746116
-113.5509368653799
