-36283.7525414574
-31413.235868521006
-15176.828088875123
-26261.221765062422
-21209.768118654913
-43549.810211960175
-16199.98151111493
-16124.04286751389
-16043.279009764734
-17234.001732992507
-7027.623632260074
-21067.74812107093
-19312.854734773144
-11145.819259227044
-26261.084353801434
-21161.910524807092
-15102.550448123422
-13108.176449124312
-18218.949630475905
-12094.15042103019
-22243.601667244726
-8027.038669759353
-29240.661434835034
-16109.650380312645
-14218.427339771344
-15131.759639265345
-15106.934227855008
-12150.378116202306
-44475.17126426841
-15160.638808008263
-9118.528332130873
-19248.75604511944
-10102.094767285911
-21098.048917141547
-33352.261493029226
-16195.402497328354
-30347.822109248686
-21214.560160815334
-30357.865834894867
-28333.798217347612
-17203.72162169277
-19082.263314907348
-32321.155657416195
-20223.944665175146
-19194.30661158266
-18110.275817086564
-19106.99587687867
-12169.408529667626
-22310.872592883763
-17303.13609014819
-15185.752335257263
-22360.781922667928
-26258.18095401289
-19203.89067203775
-28231.164302717974
-12171.00935484611
-27184.337110651035
-28182.3418784946
-14127.946223957928
-26286.293444197076
-13151.640667616428
-9090.6730747131
-30333.977104777117
-34351.054496956676
-13163.120378465293
-26159.571984579878
-11106.77586987889
-8051.203654557037
-12130.557712495622
-9160.791676910167
-24320.35747769191
-9173.416361966149
-17184.23838795509
-10073.873183835723
-9104.004388378526
-17209.48778603266
-11108.698877237108
-7061.268456269421
-8131.786493807624
-14123.01068475518
-26326.57880304266
-14132.367184686362
-15153.158381634545
-15079.970425826461
-18271.01279613721
-26179.849597773202
-18264.86498495177
-19207.40322321826
-9067.37037736453
-15069.936704193586
-11105.264692287354
-20025.623632260078
-23135.028835815094
-18121.274289673896
-18253.70591319013
-13060.428970862724
-26201.070573934874
-20135.695635375218
-19214.42564689493
-23337.497121762244
-17164.206252088967
-18100.166132462593
-16185.799297054173
-18248.831585343632
-24331.051506485263
-15189.178647225133
-27173.729829151256
-14166.665412309256
-24185.76886310995
-24274.43783497562
-19231.609165892514
-21224.316460262555
-23146.818363920363
-7069.613919563856
-10111.604542290239
-9113.998767501289
-31252.097596597403
-17231.98765189635
-13224.4508375221
-28407.64268980338
-13146.465546577077
-20122.141782082188
-14111.312468870403
-34373.2962415905
-20318.507707872657
-15074.841142809515
-11090.948041885991
-21183.031189771347
-8093.907399901492
-17269.562375377827
-10057.399768154357
-26139.735064513687
-18138.420933956208
-15200.45098871957
-10185.796737753573
-10079.871366354184
-17261.143287090443
-24336.852505385734
-11095.861561879086
-4078.2947448750465
-12161.957002674606
-8174.761107408422
-21246.906368111555
-32317.398426393804
-15129.601066935209
-10183.772532806153
-22276.743731418406
-13186.700400762256
-5043.273100399084
-23181.800613773165
-10050.701181862565
-19158.000515026884
-15052.038560379919
-12148.698105796888
-10156.898297857679
-11127.782942831082
-13085.269464779816
-27165.166931169173
-24202.966582357527
-28322.75677447294
-11105.135296074344
-59204.65987211091
-10083.684502279091
-38371.33722377359
-14165.637565064788
-9103.957256978258
-37343.41216153893
-33434.64437621504
-15096.053142467068
-14097.287178561137
-32281.2274026877
-16145.63012218182
-32232.253931083145
-14164.665412309254
-22244.527746868043
-13182.089092445633
-24201.161446925096
-34484.470977245335
-15243.19291827366
-23140.047784393897
-25276.27577709827
-36311.76517206054
-17255.819078439592
-5027.623632260074
-6084.702424187086
-11095.446524379808
-18270.935976565273
-14138.623223879715
-31197.647778891227
-12126.921295024915
-27241.078723581584
-11096.724051571435
-17200.90760432455
-25162.39184616827
-25282.762539420335
-20292.64553300149
-18236.380959196744
-18241.938060874658
-7138.260793865572
-13149.261507409152
-57372.78877984302
-17194.012739924314
-27176.376404109218
-46330.7708429094
-24376.498178065773
-24192.531144049128
-24334.5934024068
-15133.619518008065
-20278.395291184508
-23360.526016512653
-18197.247773525625
-42293.91284434781
-17087.12714396781
-38363.524247017034
-25368.774074711615
-20147.525358110306
-69501.83457479031
-14145.07695060078
-18226.284876169753
-9082.962029470718
-17221.49331819363
-9032.586372739272
-5059.729916756047
-10063.463203963282
-9080.678592913446
-13192.688365946946
-9120.144442577473
-20207.23396662485
-24375.1084175814
-21250.213834135073
-33263.598748190656
-40318.66949347438
-25140.928078461246
-52602.46785562722
-20323.65331819447
-31292.017612177486
-13280.832619637158
-14202.678002435896
-26230.20059007943
-36259.3633928591
-13093.527043091048
-29325.390350922018
-12195.756334915965
-16342.388448908283
-15148.994213389667
-11173.84574878217
-17170.331165375075
-20102.121828263742
-20193.25783181455
-19242.517777222893
-28154.248213784434
-26377.202923201465
-26188.471775459104
-29177.532928452092
-13149.716142977999
-8159.872035391582
-4027.6236322600744
-29186.01757001287
-21168.320153517736
-23241.35202847486
-18283.22724635311
-27213.675298185764
-7161.052962271388
-10155.146371888264
-21137.41274542698
-4087.5982646707457
-16126.321057790015
-15079.684502279095
-5101.696349640037
-47423.858010667296
-32506.920933000707
-14202.669021771691
-36503.983144939964
-20385.602285459052
-35397.98703965668
-50555.566487561366
-29284.90968697373
-6076.332826840809
-20188.073948033252
-21218.86956447815
-21245.09309797971
-17219.6336524489
-31291.171186159674
-12098.59645385713
-26238.109725239647
-30307.389561374446
-13105.520383967963
-26136.476556889425
-9098.61322035728
-16295.661306055656
-10088.106674376924
-13174.49106843256
-13178.713712003197
-20246.782206201842
-31461.19627868331
-19193.918480386757
-17179.10078970001
-16206.886494770566
-9111.689115357169
-13163.577614045405
-19247.709840253952
-27251.70864891024
-11118.916921607619
-17177.824270037192
-15140.68178777221
-23289.486514338023
-39396.34267776922
-22199.028270878607
-12127.756800416282
-20205.537163490164
-6087.918187210936
-17301.902465256488
-19256.150816532197
-22195.23406546387
-18105.134195817092
-16119.867602372115
-33428.19637168971
-24094.889139540188
-15246.774136862437
-22187.126268004944
-5109.095992518815
-17228.48171271396
-24205.14044764861
-27226.85305466676
-18108.9145865684
-23277.03810950701
-9074.305599985872
-8081.019845503536
-36251.03670324392
-30359.670765143263
-28286.663099377805
-25252.336537853193
-24242.380491431293
-5088.100765011275
-18236.9848583208
-34247.07832791214
-30199.210443102944
-31199.591633084397
-8110.095992518815
-9074.305599985872
-7100.015073011076
-26146.858279014334
-4108.095992518815
-29328.049599899612
-23193.173494073057
-29241.103540329477
-30275.679019347936
-25281.09273746536
-22135.627381791677
-13046.290302275242
-27161.96109937654
-11188.730612079155
-9074.305599985872
-8081.019845503536
-26380.180943031777
-16242.989207354667
-19198.581651901346
-16158.20214727781
-15181.735228795156
-8162.733924210665
-27238.18452202183
-25312.13480900377
-14125.259919794895
-9051.28839533527
-28472.59743793132
-22138.3530982749
-14150.208892383178
-23249.489261420287
-17100.142389959896
-14242.021522827317
-20040.01504456754
-8061.2217698523755
-9070.696409370104
-13134.575447296666
-12155.951953540658
-12179.898055550599
-20246.66286330286
-41430.966998046955
-5027.623632260074
-16167.477261279297
-14130.87249428951
-12108.065417811924
-19267.17683063287
-19227.660771304836
-17145.774586716616
-6073.43185231495
-33415.13720858944
-40401.876927566045
-43369.227448217396
-27218.108805317534
-12120.02247729802
-13126.573399724648
-25165.178730234915
-22192.979416244023
-22156.363490281958
-9165.32937201297
-18221.236415240204
-14187.587943070066
-16348.546198484059
-27271.794322315916
-9125.923545996899
-14182.889714081586
-11139.205743881257
-12123.463689672048
-12133.94495858726
-9096.95957490332
-23404.79479537408
-13086.854259569236
-21154.61651282661
-18246.780357808584
-9210.247350458876
-21139.961135321955
-15070.614087275158
-19162.120378465293
-30341.340333116135
-21267.84908699333
-31433.46684564663
-25323.48653316261
-17159.073820411046
-22205.662486698842
-23358.9302201813
-32539.505911813434
-14157.048425538587
-46573.388212452635
-27297.559369948707
-48439.35478048462
-27299.630036647668
-25216.18268432238
-22223.56781890237
-20252.00738741651
-18244.302550095606
-17228.286053980395
-32169.80932962369
-30423.837414278634
-25158.139025172604
-17143.49619042152
-31152.573024071735
-12177.770663457231
-20199.926259917407
-24192.969849734804
-24207.639784445582
-12131.613338414645
-15230.463464025142
-20278.774970211332
-6104.5210972956975
-18277.523822730644
-11086.889799625993
-20169.130625482925
-15165.296212832382
-9007.628404752537
-21246.96388977598
-24376.837442600758
-21196.19987918788
-27133.896910900792
-10068.654015931917
-7046.618859767615
-12141.540020745731
-22127.85546147839
-29316.742731121776
-20135.6160906349
-7027.038669759353
-8135.323738756918
-7052.714832148572
-11136.94930988656
-3099.669745698058
-13197.834043153292
-18193.465028158298
-15113.246635323878
-13086.835499582501
-7093.272773273402
-27281.997720686963
-6044.784277990619
-23116.926533369937
-22123.342381955088
-12198.901123924596
-19272.526232139848
-15112.248952871976
-10062.862572915428
-20136.88560835869
-15105.506436834248
-23223.113592847032
-8081.634052028463
-14043.279009764732
-15134.308823037103
-13192.665302929814
-27266.34666276525
-7114.268000780942
-36450.78695166403
-15122.715431567372
-17191.70385979765
-6127.9665483618965
-8095.28039239689
-6040.474214861408
-10152.17738259478
-23223.50749185374
-9184.998487813922
-8086.562186149399
-13100.596453857132
-18298.09595394964
-31424.473254342145
-9062.689274771552
-15090.120324662934
-13222.868039034358
-32325.769721363544
-17109.934256564782
-13100.476581728251
-34272.69832706349
-9167.92842876275
-19253.433382930947
-12178.95159033704
-12142.704002082712
-11104.552731425309
-5061.098235193882
-8068.614087275155
-8018.629278823215
-27300.580977328264
-16268.520898370574
-27246.89510330474
-30298.423267369806
-30240.53367061958
-14205.497234833405
-9139.949962965322
-12162.958389923346
-17159.566746298024
-11097.95067238528
-13194.999853322699
-18187.087927420707
-27263.098586878514
-27351.98025134823
-20243.086639933936
-20155.215490044026
-12106.849654788073
-17161.132792290788
-7037.310539340945
-12171.848927205665
-15165.874545935616
-7132.044234453471
-16328.673931496085
-32451.975762745726
-12092.691636877646
-6062.241094347582
-21155.363706564356
-7082.815849242814
-7100.277835816992
-21238.545050941946
-17129.15852993667
-11259.238302074777
-16175.513201089138
-25180.018344529108
-5035.04805532989
-18209.38686837868
-7041.863972265452
-20113.527518566516
-14084.095470399618
-34279.48893040873
-3022.9797760702995
-9063.614087275157
-3037.3867520201584
-22190.72296638762
-11112.077766490303
-7052.286144363283
-17143.21770939534
-9058.31487925677
-12054.589510293628
-19086.362664567438
-16126.410654212355
-17195.905449547852
-15033.009320285368
-17156.32474853706
-7069.829850299004
-22182.556184907942
-13127.5574581055
-6076.112851019308
-9065.859199772993
-18166.200774167934
-8103.260622908598
-13179.145852946793
-8114.660959495414
-25245.506206368584
-21195.016276378174
-13100.30054622119
-13093.716735187681
-13063.982163852437
-10078.38529561444
-8043.279009764729
-34273.20931483346
-20208.135344981954
-16202.019376356384
-16179.817225819883
-10123.574249656687
-24222.246653356247
-14081.421947398281
-50550.36882886623
-35291.27614221029
-23313.010494264523
-14208.317291156236
-11015.050576850368
-13276.11796485025
-29213.23498850412
-12282.192844543735
-15204.145788199494
-16141.921078854584
-9028.623632260076
-26397.56521345316
-17088.977560425014
-8044.618859767615
-6097.522937109107
-9080.085133615406
-32504.39540552752
-19153.96746195266
-22193.527986894598
-16224.853735055694
-26214.819703546385
-43454.727667921834
-30355.635216067913
-44662.4052896473
-17132.523459401793
-11159.625034841722
-24108.97262022126
-4007.628404752534
-23326.626980486046
-20091.994120415216
-11166.70718095291
-15137.745372298108
-13127.70737198796
-18109.019579789518
-30221.397726189633
-19076.141671929126
-10076.5493098965
-10103.679729786632
-21279.436648609953
-9074.999775300448
-8045.847934032403
-26139.575062470052
-12127.965206655019
-13108.671644715261
-10091.971132185843
-16167.953123506395
-29207.11922604207
-17151.066997626218
-16212.557313053125
-5063.05440486967
-7081.425255327982
-11049.618692056318
-17159.54796958016
-16145.096347100205
-12165.945411464782
-26343.385241591805
-16074.061371756925
-7093.084938074101
-14065.054404869672
-22290.5252049437
-21185.731136476345
-14225.790748092737
-11013.599055278548
-13211.646041465148
-28200.806286870145
-5059.377389265079
-15158.774547654977
-26337.411688127122
-8091.611942602811
-9090.240115305825
-11062.878241462558
-17082.999303468634
-22278.07531464425
-14142.247396345652
-12199.907753356458
-12119.38491487622
-4058.1225235212046
-6023.8687447579105
-17149.095801483763
-16093.736834643507
-14123.084085427807
-13074.385294260705
-11171.488244415512
-14117.546522671868
-25228.049396307564
-12034.594282786089
-8049.618859767615
-10118.255413016457
-24266.555083325584
-21304.55708276547
-11165.022061320542
-15300.644073797244
-21193.86602101701
-12108.900875955344
-8051.911748848502
-16104.119865595945
-15184.952815569945
-11126.049595207514
-19209.806841974398
-10157.263293568663
-8054.100687885161
-12179.987434153032
-4115.369839910137
-21251.046160105616
-9078.02153726637
-21210.984117696433
-5057.934387269385
-12082.186188850312
-16163.383130782977
-21169.147792308497
-17164.579779498734
-14130.336616539962
-9117.468408281497
-18188.38770435922
-18177.77149761642
-18138.34162730934
-15157.800452544747
-18251.4441536848
-9250.295720401371
-16202.776170371677
-8164.765758828494
-7085.61947061024
-13093.410040307268
-25316.94948761085
-9101.801149974124
-17219.28553012721
-12104.09069790716
-13130.629384138718
-57539.81921384916
-17119.54550656593
-19146.84106739728
-28312.516349618985
-18197.470583200604
-23165.587242085952
-16152.186362649674
-17079.56902506167
-20182.978476065746
-14224.091609108193
-46418.3816312488
-31390.812815659865
-20253.330417116
-17289.699590706026
-19173.2143959385
-10078.38546332574
-14165.699535125561
-15132.814578987074
-15161.321492927622
-8074.194644974526
-20192.788159677606
-11064.929696432544
-27275.29278572946
-12115.827750372626
-21213.482026440895
-10079.51457727765
-14200.253054253644
-17267.253132331312
-14130.49360472674
-26258.344538111756
-23361.240231763382
-16152.610170935786
-20312.03012041855
-12110.604542290237
-25277.47566213655
-34389.160774199154
-49350.68706656633
-26227.975108525672
-33331.12266109637
-27236.130397462628
-40262.21499403723
-36272.87931107288
-30241.20795218475
-7168.723599010039
-26296.822278168653
-13138.194451370746
-17126.844882295612
-14137.447389512627
-12090.446336649005
-6164.739392291587
-8134.890416197504
-10151.04333406387
-8189.505246835443
-10139.784007219087
-18176.62446620424
-21304.352164008433
-29368.122715152214
-12141.341627309339
-10204.184294439645
-28305.232136300496
-11235.740160533556
-6100.553006788421
-18338.61013300022
-29252.41637480005
-47420.88340561658
-15151.271635850855
-36465.18742395917
-16162.496302968866
-23253.63460077075
-12124.160491453002
-9089.461805737239
-24207.712830145952
-25273.87233092394
-10154.365482843868
-15150.199157905787
-19139.500571613993
-15214.212296012121
-11105.466231822897
-10103.62086372793
-13154.630527543306
-11097.287891888875
-32376.224298012326
-17263.394245320607
-20354.169909154603
-19160.910524807092
-12105.318427238974
-10139.704581997965
-9117.933034404628
-16112.101901884465
-30159.507551364364
-21070.342772415486
-23188.921637748343
-13096.550446769686
-16166.700942547237
-17170.14638704211
-18174.515090653666
-6036.344931844464
-18154.238281032365
-14208.42328221292
-14174.787964936526
-15251.442478386738
-9082.269464779813
-14161.690192305992
-19239.549753616804
-13206.695795981097
-16072.262809706282
-6103.305334271848
-12200.316017321451
-7099.758427495912
-12126.429844796337
-9123.007550685348
-6043.364634961763
-27148.18818286554
-10087.21699735992
-20225.611310311917
-14188.660639816799
-5054.7467274669
-13159.565312408733
-16251.633771873836
-8049.695272496915
-17157.262281900985
-16164.826378653155
-10043.849160381767
-9105.364291008285
-21178.699680790047
-26341.66546204295
-20241.98920735467
-17193.21608513223
-13139.454914881224
-50555.04905720226
-20135.10825419122
-10215.626517850345
-8116.64951008821
-5007.628404752534
-7133.785612768588
-7127.308426953253
-19194.971504997167
-9115.19804197672
-11125.712035986076
-11081.269464779814
-10138.974759046829
-27229.208916591626
-14146.62339294475
-23280.131745695377
-27309.70716126282
-16203.268364603242
-14222.928899305289
-12218.183082381021
-27215.477287418053
-12067.444162273714
-13138.279884548203
-31299.055604676112
-23114.58908336084
-14183.290205352654
-28236.253530607104
-7044.711969172006
-26261.83843308379
-15126.942236524243
-23150.215320978987
-23274.423679274576
-14113.792625346805
-21135.811818758757
-4037.025754360592
-32211.586550222157
-15155.743380065276
-19200.730887109432
-30234.177826094645
-25207.989622746358
-15265.38177925786
-55567.50192072216
-26302.733127180156
-21338.05020975545
-23325.72117955846
-26312.157019607377
-19153.39572282989
-21279.735366998844
-17225.900870442736
-33297.73641347769
-21188.71477231397
-20217.42724337492
-41179.08837241379
-21244.57668314441
-16194.05082324381
-27159.22558372399
-22175.934147954064
-23223.351721050236
-41304.820245946554
-9097.724051571433
-16195.375166584801
-9120.96574708289
-28132.213832943577
-17286.484884875907
-9050.203654557039
-34310.425933277824
-19346.436384379434
-15159.6615825663
-9103.094767285911
-17059.97519831892
-25192.0887548847
-16085.854427280534
-23313.95343035274
-18045.264197881046
-16127.749108208573
-11114.790786775065
-21132.563388058552
-16207.377667193417
-23265.264453901607
-10087.71691697288
-20291.045893785686
-23348.598520531003
-14180.39322699532
-10076.484829934256
-9061.31487925677
-11192.011028300214
-20243.626637275283
-11203.909698389018
-11159.253285203775
-18164.160301771684
-17203.85824991339
-15226.25156304667
-31317.1764700104
-13154.70459525813
-13155.933244883592
-22232.48117752364
-19249.288246308017
-17143.664034929247
-24240.192743429103
-17102.344542896768
-4058.482230314546
-16145.72731533463
-18218.878550842277
-27241.08448448535
-18196.36185534386
-26258.109705936953
-25354.507954730932
-12119.8158850851
-10104.547415110133
-19212.7579573001
-13128.576066886933
-13194.358772055926
-12082.242587509521
-24303.063841369727
-20182.971492609166
-12163.981559401294
-10123.448886485903
-29298.394666090546
-12128.921295024917
-9155.455635308323
-19131.998152920787
-5096.150098282943
-11176.754869002754
-21231.96568654101
-5113.315970384917
-13133.372538291856
-14117.836793862507
-14218.035276736693
-17204.253566238614
-14271.541777046945
-6109.708234060539
-10085.40591776539
-17144.29171990818
-16362.916762566258
-6056.041031865446
-21167.160021588494
-7092.471804475042
-27341.60757168072
-11120.508414756423
-22292.154310638267
-12058.537271678108
-27202.420351174926
-16126.429844796336
-23287.780497306027
-24288.669518126077
-43348.03835619467
-38331.000891905845
-29488.358840242243
-33349.02193974217
-12139.652055503679
-29338.757929805444
-13223.570363721426
-26285.148581358248
-12238.65459672267
-43401.16857517014
-32257.45745933546
-20149.397125417094
-21268.660836381772
-15110.943269393532
-23217.25959503136
-18308.455548172373
-20229.37347197156
-2030.0151193403033
-27410.29180094853
-16170.221025335988
-10169.039107187851
-20101.938694813714
-21196.683853440467
-21303.547846539765
-16183.84696884806
-22209.399344101384
-15277.136740184184
-15210.772825612008
-15160.340209013359
-12121.194504040011
-19170.39935045274
-10076.539857372885
-26243.860999079865
-23214.941960650172
-9028.623632260076
-21230.185129687117
-5091.8979322415935
-24221.0868084172
-28240.28560035745
-24186.706786329178
-8116.134316578251
-21205.965048242553
-10168.600634930597
-21245.511830872343
-11124.884810952375
-7027.038669759353
-9086.854427280534
-15284.153591292976
-6063.2742372722705
-17192.37921167115
-10054.07784005947
-11176.429916124247
-32404.987273790666
-11174.189009070455
-29199.085346170752
-37263.03473880817
-26120.761437301077
-28180.777042932878
-16140.551480967542
-22224.176557647468
-27275.44266051048
-20253.88521956507
-30230.448023182158
-31234.377902267897
-15216.860099133344
-18128.356059887148
-18185.527569649246
-26268.673655493996
-24321.32460281639
-22356.02027713431
-11172.089835379069
-8111.21667757501
-36262.95039870069
-15177.200085298568
-11126.475682818744
-20204.95032805746
-6158.3885678606475
-19240.75618574227
-47352.666450035744
-37252.31069663483
-10077.10228410799
-31375.045798787265
-11157.658007692971
-12078.169364879293
-13214.797400445914
-22251.243813580295
-16104.044692173453
-17169.677662413887
-32238.778471303693
-11071.966464664461
-11214.405223895701
-35399.812906334
-12126.147125326368
-7143.0058953033795
-17245.101666400595
-20176.057988043707
-11137.741302919358
-17150.993380428332
-9152.605239711756
-23195.930991464553
-22145.978463532152
-37344.02152310363
-24180.69960866121
-20181.966963458442
-15196.478120809279
-37332.18074265755
-15135.190717866482
-14140.124983246455
-7078.923705411279
-24215.446117353185
-21155.794105952897
-15187.621338344366
-30142.00194637149
-22280.064928048687
-13155.441393140998
-9072.125306182532
-19306.100544821285
-28304.704349625827
-12120.986025758797
-20330.673731581268
-9086.439389781255
-14258.61693223525
-12120.986025758797
-20210.2021538872
-13353.566322379213
-13130.815532821629
-17128.429844796337
-20169.368397251077
-40353.157356902746
-14085.269464779814
-5029.322846509788
-12059.767972480833
-18135.220094825185
-10056.805273317477
-24193.175046640783
-21201.632699305705
-16100.419425877806
-11117.273231035833
-9095.927572781475
-24134.024432645267
-25386.970025760806
-22201.805541157726
-16178.700878933543
-23207.750970580975
-22203.695486645862
-29279.951912202352
-19315.953844884458
-43511.75185827202
-18178.100374530623
-12099.591486623594
-9082.31530280222
-19254.807854727915
-10118.962239246253
-7048.203654557036
-43250.39155269058
-35304.75538368614
-8138.344688380339
-35368.8985198134
-15153.582446839737
-16108.667132985498
-30317.292380845567
-17239.913728786294
-22170.171040612957
-26233.530148635135
-17277.492302926566
-10194.624700371342
-19223.559867539716
-30430.315823075493
-36435.30708252573
-11107.03934980175
-18112.378479772793
-33195.14238644836
-23177.855981393608
-11149.766366209811
-27211.32730119717
-31227.366905819705
-31378.812504139365
-30268.569470787086
-8164.846793074921
-40457.38236041914
-12143.218975043617
-40639.83438321495
-22269.07644903709
-22253.215076349865
-36232.5588259436
-34425.22032849044
-38212.88233789375
-14165.69689865856
-26144.95373351107
-28403.005914374764
-27452.37554959507
-15098.100993610693
-41410.75908924888
-18193.408217315653
-24219.977029615522
-33268.53580213464
-27364.904019864352
-13193.000322108383
-9127.986584480308
-17166.753419785906
-26348.406505567476
-19172.38811583459
-15134.836392687876
-9098.646586861943
-13134.258139583802
-19118.371679897034
-7028.623632260074
-17162.88454847554
-11103.10605979642
-11095.994667385392
-17126.83369211842
-11040.319651749229
-13154.359278765234
-22183.042522193602
-39312.8409001369
-10068.659925297565
-26192.768060221777
-12137.160409797389
-19209.187468309945
-28458.574014940343
-11112.235342813367
-8176.345902197843
-9034.594282786089
-9129.81129437784
-16121.375750629522
-7083.604640292958
-16223.982688690354
-11089.654985093806
-23255.370275591453
-15159.040677486357
-35460.619216993924
-29312.057543461015
-18353.469174942114
-13270.916181597247
-20152.36935275676
-13151.714439271951
-23124.51632480324
-7120.172456953641
-11169.986892728779
-23400.645674012845
-17113.174424152032
-15226.930872995485
-10058.62582665487
-11046.290302275242
-8053.8709391527045
-10073.262809706282
-12149.607610755713
-9059.552250772824
-14259.241628004798
-11066.723940437325
-25227.77071712973
-44391.93767752433
-22180.835313032527
-19202.434009719625
-12102.41717490582
-21079.97042582646
-10036.04580435791
-15173.758547389689
-26384.5164911019
-24167.8897538347
-17107.936136148717
-20174.244397358096
-48474.57562396526
-13194.322711643268
-8028.623632260074
-16187.126898483344
-28330.187596808188
-15126.598628172218
-15238.785812563134
-35346.813108491326
-16261.55087692188
-12103.502046968224
-20166.72722692272
-10089.503149711658
-15127.53120858085
-11091.240115305825
-21268.818655744002
-22156.469112290553
-15194.916679931712
-30280.001449175066
-23214.373348540073
-36327.6801638688
-16210.237159728948
-24218.50662175768
-15222.081107408942
-18118.06664304483
-16210.370647081723
-14129.920943862691
-18221.08450449572
-26203.38890628844
-12110.292265413533
-11123.089827082154
-20233.87798265494
-11082.684502279091
-13149.11963275741
-20269.359170508873
-25355.763841886983
-32321.61914393647
-34310.61189262317
-27258.301122499503
-9199.269225464486
-14088.72820948339
-19385.3947361107
-20221.76295327689
-17210.225231616656
-21306.590255141844
-13105.54221947898
-13146.740131220775
-4094.775974964978
-18116.61218481865
-33180.46903534233
-13174.712307853266
-22150.055537404405
-26194.62038423435
-7074.753780409837
-12094.20281446918
-19161.95915124587
-7111.068286320634
-24131.668959480266
-20317.555445705486
-23101.965485622703
-37697.79114248848
-31367.613704430038
-10196.651234150439
-19196.982220141777
-30420.771445737882
-17206.655867324338
-31304.365105540746
-28353.55291189594
-13183.853284894736
-23251.59771207569
-23163.302325793084
-17244.778241475593
-15126.83880521867
-18296.76355093559
-38425.9459196348
-36181.03131458576
-15165.63909920137
-29456.49877991533
-16146.89720633794
-9089.041520159999
-16119.790788128801
-41294.97928190771
-37399.971193325044
-16107.931976883023
-16117.532787675618
-18259.249101351896
-21156.516975306084
-15093.99500280799
-23193.385650725642
-18201.790745372382
-14063.177368949116
-18234.115035573363
-6124.568792223132
-22225.64821914569
-20104.515020218754
-22193.748220805024
-10030.2084270495
-17154.570986617928
-19094.9103708985
-9067.443994562416
-12028.623632260076
-22280.073529550238
-14094.59244462883
-12122.280580199898
-13096.535084880426
-13142.119234888001
-5027.623632260074
-9128.270331266367
-16159.938280189976
-12023.868744757912
-11103.298704874363
-21275.115600457026
-15061.10431227083
-13112.820305314088
-11097.333970418102
-26120.36389759941
-11116.375749275785
-12121.505032292729
-6135.981388444316
-22200.083149404392
-26245.877380464266
-8069.574018969274
-13164.867865244822
-22364.08901855276
-14184.57736388729
-29391.241658342668
-22198.126228291334
-6070.396860212091
-28293.076690661885
-17211.18353346429
-15089.668160877447
-12061.560160819641
-14161.86633471616
-6056.541315390202
-22315.95338021471
-17104.770242714258
-4034.3813166958653
-21204.305709537028
-6027.038669759353
-17133.185689892623
-7060.378073083255
-17173.383293604125
-9183.90575231463
-15104.849654788079
-6068.520407291714
-8061.981092078012
-19090.456357854695
-18248.09831236371
-12153.901291628072
-14160.520767403048
-17136.37080907203
-22301.06670898938
-11091.535529873512
-13127.666732770436
-23325.856843719732
-21192.716175223464
-13054.004547792909
-6053.296650143866
-7060.56801655128
-31275.6730351994
-17190.09962262548
-15135.405919730885
-23110.702147096355
-23151.1747675277
-12027.038669759355
-41335.77390924044
-12028.623632260076
-21206.188169866124
-19090.017722884488
-10111.68911535717
-27284.537430298926
-34386.83892881329
-44352.26030482558
-49442.515770237966
-19150.12195030551
-28127.630194727426
-13179.512105582875
-18161.558125133764
-10136.648503974951
-16189.73293693296
-27268.454088570244
-19153.844618926007
-13121.70023738941
-20143.114615902374
-23215.103881920455
-15131.857301465285
-8110.215525675532
-28264.39346735814
-29270.36411788415
-24332.16414921213
-31334.438703656433
-27218.7162982397
-21195.480105952414
-16151.850688985929
-23226.83167201126
-16151.850688985929
-36422.763717811315
-19149.42411846932
-17100.476830925534
-18088.25915699539
-38502.28227296046
-41373.972903036374
-28424.285474255514
-21235.130397462628
-26373.288881063378
-35455.073645556964
-20288.17611882162
-28365.157396757564
-52606.87313888668
-24307.44050290057
-12172.46206845507
-18340.426857456052
-29357.512226140763
-27313.392992596368
-22276.278434864565
-41306.151785783295
-11159.283984529235
-20238.632962913533
-17335.84514095621
-29411.64687607483
-28405.51818982746
-30446.179168670296
-33483.53213100504
-20155.127077815952
-42328.40330114875
-26153.66527432419
-12152.16036107909
-24295.53162246911
-11096.328054348352
-25170.892636908648
-17134.816556996684
-26325.153171162267
-12180.338268813077
-5125.998962165861
-20217.065150850543
-6129.38740532436
-22117.857813561684
-42399.99961112075
-28250.10268389464
-21169.983684140647
-7115.768546223584
-21313.876298635416
-23180.772604355578
-27378.948689567133
-30305.458390096945
-27212.86768964422
-31242.723898502838
-29343.50343152783
-34359.890928321205
-22147.464833249338
-15116.697443567959
-18191.55658817971
-13055.957327252152
-32290.148918134582
-24208.37857509036
-11065.350650001572
-25328.318177968275
-18234.358855054477
-38291.687465478186
-22174.426119357337
-8069.89161446678
-14210.240662113756
-9103.65791398533
-9156.105839474254
-23152.56705041854
-20189.37131993569
-11159.827248877586
-23260.04765450297
-20109.065417811922
-13222.204545047045
-4087.609314782695
-12064.138353844191
-18144.9838742709
-26297.982823385213
-21220.497114293423
-17178.060485905087
-9057.857705658826
-18074.99977530045
-17177.273517630372
-8067.0795428319525
-11079.88218266342
-14181.636568036332
-24240.247510586054
-11081.058511613526
-14060.952309177384
-8178.334959587042
-17212.733952329232
-11155.46225920644
-13103.01507301108
-15150.455521598295
-33333.463575127156
-23314.903742226226
-20145.022336725393
-25241.12676475487
-20311.24696614024
-11173.571683866778
-19149.998629057645
-17067.244887798286
-15186.11632065431
-17125.287445209895
-15109.235342813367
-21146.306435974486
-29359.217113817474
-13151.738189556354
-15183.813122435264
-19169.030483564817
-27280.233056061712
-34464.49491812864
-11164.43479536418
-12046.033897266898
-28242.164021189114
-16232.045185593357
-18255.04849891313
-8091.164998544039
-18146.490349561485
-9139.967231794555
-14107.691022297144
-19197.029759529796
-14091.990764364202
-14140.880751787654
-11134.468612570538
-19352.08103940495
-25114.98857010806
-21078.040646089317
-25220.32039952646
-30314.55582527488
-38403.88246619806
-40299.91323518086
-29351.23851857362
-29289.17250913003
-32241.996794346276
-15207.915862464968
-16168.322477653706
-14156.014881019431
-22176.64074501272
-17205.019706811563
-33376.58487032152
-17261.09421824833
-12064.859199772995
-9097.41717490582
-26148.934430355486
-18147.829802018736
-19153.874769816706
-24220.477377733467
-10173.672379196509
-32296.311481962555
-39432.82756135064
-12137.106603495748
-23235.017319336544
-21262.541989040215
-21185.468237137415
-22177.465711238106
-35343.21756631273
-6116.689872843951
-12210.241038710958
-38242.043917455725
-15198.899619994749
-15214.581738450795
-19175.590057101563
-20136.471360851516
-25340.03946882115
-25233.95663824508
-16291.167232487189
-18236.475349547654
-12172.931202888138
-14159.019420375136
-29294.106870735428
-47681.294932323224
-6075.038510344971
-16173.264183713034
-24219.311244828994
-8063.268327906624
-30216.765970478213
-22179.003524832042
-11063.762331449838
-11183.958084679045
-8111.15998760567
-9040.319651749229
-12073.141195660404
-12066.125510043112
-12209.567672640054
-29242.3737505343
-42547.4536969002
-28326.810584459206
-39354.472238176495
-42220.838446478185
-14185.855844913473
-31288.509677080314
-20227.058750257427
-29228.288287626034
-34479.000993237445
-36400.898927614515
-22144.716022824123
-19179.214867141432
-18216.120987064343
-21326.208242909455
-18169.161188975013
-15220.766426845885
-22121.39886722169
-22300.238708642093
-19258.439480830788
-13105.35583540728
-20215.61838754878
-18125.357692312307
-18154.571574806614
-29234.479601415376
-24203.87428241069
-15169.142875587555
-15181.208515052536
-9085.71691697288
-18240.287594735546
-11111.424592310013
-14236.09156677722
-16064.274237272273
-11139.54141076168
-16204.128375268408
-17178.969512245032
-28232.55622227135
-20387.192699581727
-4040.3334575487524
-13217.19576761157
-18117.223746182342
-25282.23465379576
-19132.237863861217
-22189.046327842087
-16210.994114902605
-25132.17945148695
-19120.331037912536
-30240.395427235777
-18135.123588485763
-7085.521851941445
-25141.979944153823
-16106.252712861784
-25188.906737040717
-21195.443139312854
-15237.374909388967
-7067.829787028721
-20293.25169691716
-6041.688137898363
-29384.47907614875
-19195.342211534145
-18099.549565730653
-12144.338273043884
-50587.57104337088
-22236.00886626125
-16148.723129776621
-9126.856174806124
-11120.87600817775
-9108.649774465537
-19184.94710262852
-13173.626037856486
-22237.379221493004
-33248.072533242776
-33620.29680718456
-32289.00278031566
-48348.75603467075
-20312.536251262474
-19187.520886827984
-16194.55964378616
-22308.76836530127
-16085.110832288881
-27320.054683334318
-43398.32075653749
-7058.51344040446
-14212.14519794053
-19265.038469511437
-23371.443161363193
-17153.15201291926
-14241.937105148361
-18145.77733566511
-23291.901663503202
-27372.081629539385
-24273.293195814662
-23148.91060646271
-41398.75115137464
-18169.10173394304
-53372.293204384325
-20252.223930412467
-24211.779916342988
-21144.85289096485
-14158.575000334231
-24209.081612369184
-16218.91508130798
-17253.95654836336
-28270.846736081796
-30128.512058127613
-20194.20577599407
-19182.984416015915
-20100.11616562415
-35361.55661527619
-28299.184886284176
-22182.6135111835
-18294.71644790531
-17190.327924412464
-17356.370485977262
-23160.449469452153
-16160.657981787459
-28183.716294343027
-16210.985842362843
-27228.429410739936
-24266.86114133235
-27338.295751196227
-15140.177610258388
-15191.999535985124
-12154.945257425941
-7042.474214861408
-5081.2947448750465
-8054.5895102936265
-18263.161941331407
-19253.79175712845
-11116.420564777023
-35511.83846657352
-15266.16969556041
-16199.113292447393
-7113.4297322981
-10140.19483829572
-19342.039118806428
-11255.699612297953
-9103.679729786632
-6007.628404752534
-9147.435482421613
-27290.70503133289
-20157.257877099637
-25257.49041964569
-18255.7286756976
-19325.04887360401
-9061.559993108343
-19151.717793673462
-39432.19656481201
-14071.501294160367
-6082.879539664469
-33356.50966020529
-11170.01478252634
-13203.137073661039
-27219.512542969114
-12160.153198793805
-23262.959043872524
-15245.723798194567
-18172.96038600456
-12096.871899948372
-19072.368020942766
-12078.385463325742
-22237.75324797683
-11115.886926867322
-19157.192042199375
-25254.106511777733
-41248.49802852444
-17101.30533427185
-15115.296055000952
-10187.656402726743
-14127.844882295616
-22191.806242317125
-17197.822142699886
-5043.273100399083
-9055.296957348774
-19099.92484228447
-27270.53218259026
-27323.751834887826
-13138.418585655078
-36448.84809941521
-13105.520383967963
-22150.922096475504
-15135.702061654241
-8091.585471806605
-29292.05541765718
-28257.62173233398
-4067.612535924989
-16243.38457826803
-15132.871341389375
-18117.05848429392
-27343.727625998803
-17144.46576957998
-15167.462068455074
-14187.11676162813
-18172.190592035466
-15187.734882686585
-29259.64282407943
-11094.03370384756
-8086.315190549455
-30189.55913785878
-22138.11712815331
-24175.599850161077
-21125.513040549456
-23182.03233004333
-15082.093630412724
-9125.598646898186
-17101.936134794978
-30213.305188265138
-34326.16227793941
-20305.87252697371
-25262.31930859607
-18198.807607615276
-15216.49638405448
-33305.20486197973
-21253.760913540293
-17271.730306511752
-23293.755907643466
-12238.185646373096
-8154.282928361359
-15186.871136539236
-13137.078903363492
-7073.866334371544
-21171.414290768967
-22134.108421902514
-13097.72020405983
-13133.937783573334
-11122.93136230252
-48.61885976761441
-13209.326975763099
-19215.417554002455
-17151.482035125493
-20274.23971264646
-18153.282928361365
-7038.039543830035
-14189.201583499029
-26147.107618799902
-18114.144461040516
-10063.46320396328
-21206.98259400322
-22147.35670227542
-10190.227317730318
-21178.75529766784
-18142.87408839203
-39387.25320540935
-16155.412552689771
-29264.429503268417
-11190.182067179934
-12088.655152805104
-21225.56381764542
-19171.676642083898
-11195.322648610681
-18223.397400832673
-11086.854427280534
-17094.119696551257
-15194.125865614054
-36424.64316904613
-26438.272196044916
-21315.45401472607
-13202.321065043718
-16162.961305319812
-34423.59238026565
-14189.837451173662
-14271.736764078829
-29444.932324446643
-32264.976083018635
-12109.519190355728
-17193.188138245452
-21321.481649837144
-15183.495377928375
-12158.725913791175
-19233.557037150713
-8063.2742372722705
-10164.660632369736
-19328.120536926104
-8079.765450960354
-34443.39907023869
-12095.643556174082
-21212.9957097361
-7071.478827939486
-20251.088327128316
-12091.64355617408
-23202.39859701464
-12155.740599805647
-16171.850410541456
-15174.799910759766
-14131.861370844035
-8043.863972265452
-19207.723109545448
-29265.32457586801
-10130.861370844033
-25375.102603371583
-32322.27665862785
-16197.628494504408
-23340.98806496887
-10120.498955215784
-8134.84425671998
-13264.29961359642
-13295.62306719389
-15147.093849373696
-15202.651410166003
-16162.961305319812
-34423.59238026565
-17112.400861659724
-12141.86984472869
-8119.788404348674
-13142.69546489695
-10087.450877648615
-12074.168817909118
-7020.909386742408
-9089.882759306269
-16096.667501483484
-12200.848110888262
-12085.124638088406
-25215.967006442053
-19164.521891007684
-15068.618581323144
-13093.409872595968
-15158.963695338907
-16274.376021810502
-8050.231958289009
-14163.597555513017
-13208.758947305767
-8076.186739817113
-15156.414662136298
-11102.10410467017
-7086.4327603837655
-18198.14609232001
-15080.896640917275
-10094.329895695175
-16229.679186350793
-13076.860073843674
-26262.070368217526
-35290.75427177571
-10097.32506790006
-28230.847855851178
-26265.080744306964
-11062.46320396328
-32232.776648408217
-8074.451296872266
-23222.001730379914
-7136.823758745845
-13139.86850544259
-19353.54999990224
-28436.547299833604
-12195.035629065847
-15108.528952235665
-14217.463727447459
-1048.033897266893
-4007.628404752534
-9133.45817682207
-17101.216956414606
-7065.594736749298
-18130.741012606068
-4052.853838015375
-40334.88458570194
-3019.480781051042
-5028.623632260074
-23194.45019545298
-10260.564948067668
-34282.28382450407
-19145.892446127942
-11175.619494522973
-8059.922125051917
-19172.40979931033
-22231.04566511838
-21130.383052939374
-24181.77999154817
